5114725783418028193749155
4507114590453506723730091
4766050583618219400460709
9171778823940932239022529
6029622469610077480882818
2048746575214617631025226
7454921280943672376568669
4366538306053062535074330
5510147376434914776075521
6802785037901986539798505
7330005262954256667868140
2444064211566383742381419
5759966855755308464992474
5574010221584550426595081
4415977304869699994619448
2693266494839185129763462
6557520386513384417011798
2240202134553383150797094
0044301846325714600273194
2388465802452705777574151
8691495474237467253029790
7619591143401872499827778
1760832838834580986684076
4688203946484493852293386
8293209026487903642342537
0490792602135464661448343
8448709054594916332147911
3376165707119261231329270
3853246762939953569642281
6886205939821331819640281
4450598064259481709902336
7897755931226737143773212
7256534139018514262517421
2905779324899032410481370
2541866780519896877343834
2942876499953307891608417
5847039027864670940910330
6619066546965796613783460
9270219289491413691965971
7786866852369443679589733
5984728011881512837879863
9918826469167507923626533
7611919156053757579926290
9216144599412593850395621
4004204635600567878574877
1630093798308049900334734
3209337216986130867123208
1658814501742475509886224
1815150705608093346381066
3089803981043329338144950
7481585498086976244778736
0473788187550255151869318
7184773808220924705957958
7192944398950706692065615
4081720428686739394268905
0587908330721641911704898
1680509892046431527278191
4548589343057089312632460
4420330255926143351274717
1207368926191173979133089
6148341028445765575749332
0238957399641374207282810
2776946445080754536648125
3431853783682939259342524
8568483616515200962500359
0532003273217553534892181
8886822109903221690354556
6846727325334991661635181
8506581410220528957430560
4757361592645915939973666
5822254360242228817485970
4077963565827678379127561
2098767542256295875903241
0949907240804096029830293
2496852428251031190841678
6913098242121570066435361
6047119103634440658542824
3646253794241820660267322
4267450726023070223478562
4361592908081766816674835
3626900481092291789852736
6302218229215642106778713
6581827255320445707196794
0982481915066832680198075
0699162859721093791186470
3882320487538230466451775
9669053833822933301169770
6043046610703710868289776
7495326458376019862211853
8807567384934735787895191
7614956965130519744884721
3265739605634435776068180
1413850652072697091991647
1393839840575955284789265
8843700985545752332068273
9401270177046395985488394
5904474572363250057768821
0072732459260705294142939
1670736365712954057441079
7369274846535168114807291
7276607762870434733540253
7066198167263978563623261
5850573942144568205189387
8973600831828910854335391
4245623967753258711694337
6410401949984823103911045
0485015822219462659462229
6046708549742302121472128
4320224231143877500123108
5208155030026568660962725
2352039602170629672733734
8493591553374751224066958
4052680768419137778163748
2118823233354317080799028
5304855054116141450592859
0993599941646468435194909
3259237216988096317305608
5925347216313419256045467
8925030759711484304766201
6575110932628637399385902
7255899855439043547400755
1176994755820046473065628
1080878169838755354695963
0016970827865892624037515
0109599978081820905597818
9352890742841370882633814
8586871687009073328945527
0671516101813176002991984
9678218549084465454856816
9463560341652151985585056
4644285141312494330432920
0935468051718869760062278
2434271824503175188157277
4459719839506758261068759
9218354857631142303668361
7217493544416443102995506
8255865729444397958676793
3795155081994935404461032
9040501990944904765376093
6564097760518612231972286
6828990287691623464247548
2616571977291947869291107
1418550195445566899925406
7768735433983397931454266
0533043731536335645512822
0377993147811275808019567
2006934378979307714348370
3070827285039256839972707
1084407042658750018763428
4020594923881918529051583
6798220517856671189706107
2176350964409411349505608
3651053388156309660560580
1516846587327469485932116
7774438228643936814790665
5809703059879560033875907
8540269824353375573492469
4425785797554394223611555
2835638957396292125274540
5969159084709107716556715
4229191339838131053146290
4246688563864463634209024
2238795137827114081597723
4263493687999736412433758
2895897399459064370411407
4718242807587155172103054
3476446567115250878432098
2074987979299950934504231
2379243332580012964263964
2405440227196683589956463
9101304112527531743005320
4276665881083461664995776
2378742684400142380817317
1695159677497404912720432
2076464319091029919870226
2943172379368190479434516
0152219188539999207428462
2334626388045787497194299
3524546984242425270398205
5254587379608010186051546
7281753916906143768256257
5040417063003179347986015
1210916984023950077658923
7101713397238531969974973
7465575730462769099431026
8107004432565703494732989
4923493680375182999119459
4312059740315198294690199
1507510176974551111514416
4170502985351585348184026
3380075107356476420657007
4804309823345450304127513
4870194242628336946216026
2499215679382666048761776
0311887812697343746832556
2609844480068046818046161
1670247828690266135933125
9479401576525272264900513
8816390587663133733385927
0932743287468622529494662
6142622096532166754658118
5453310863324309712655996
1538126482726252509710677
6786162351169843359837717
9775740226041279724349090
0236729789185225461503538
0429554848107237857431909
1707933660518756056536874
9719101657658529177867612
9651798938590122394561769
0384641176415119291315104
7196296587460360948633260
0663567791455444453573231
9470112970593731254044526
8182491530307497367218786
8602037156789954528769450
1315424241839233126561011
5488947206068815595529087
9624337392363743924825542
0918955942456065326915460
0599787472505144121500628
6611821402194092855571636
0457468009034517001079383
9716258605123331572699100
4975753886365132882474674
3228524340375892900462108
2734915973020304768551227
8544128056571457851253282
5749871712712562987263728
7908959543527498712968141
6522394163490984119218461
2232592004283381998524570
8579834329966597571351317
0319903328918080084237023
8683955003127069973935253
0558063441823302426592135
1558918670477640776756343
9917814635482644684233016
4479260025288054478149174
2839436304838129851576903
3284845411730612691206994
2686862842877011648190409
3650405155618317710231798
5910162412381306829078663
7046925424036904626798388
1394591609423209109133526
8691906811441023986460874
7730022081030381238964350
9059559423726382881869051
8989833911615451122221859
9369839020788351611478283
0670013593253868321319202
2238145039484193003922993
7209900812281877960056592
1129545827416977522924711
0580207229267856399014242
3909519040383846002122414
7821625026400842718647898
9067991686519559544606225
8202392803460409946964706
3737055512754562216951661
8169540261263013090043267
7168968413971402000577371
4169494712819671036119211
2580573553566171013870608
1656558941009545970013665
5286871293105191552534474
3217050870867338303078545
4312938296220047133479106
8208957648623661440240391
2481816834004548416048495
4116367743627593613802789
1055280128535873103766128
4750632521125368501966267
3093427095219607685902640
9755068074606059560555861
0970154107066565518335709
0921530739079654424168287
9768768028765229995639044
6877720209016800007990687
3489986969961318662512468
3617361498422444624057391
6682216962942699620931966
7667907745635617750840023
8209319870324152394724296
6362177015400510300521604
7391840029380083717289758
1895813717486329745531171
1777935632910135325205807
9373800485370546265148833
3212714918157223938259823
4483501653040254411830942
7045186837667297530350686
5253407112375837136276766
9538517324156430300169730
0599095007678305392894433
9849456113921921777440571
3174739406820642485264260
6795546736009725531542393
2124574105803617054325111
7889181100280132566191034
3390924533092539288431249
7608673201390181126808808
1081306268548213345076455
0611693908814581495945841
2028969721731623702296083
5125074542000471788277391
4327579568195839600417984
4987906913029323008691485
8623503918084810273010934
1019697415009784977480087
4482676279376259528043225
5600595345458634835449897
0558608642558820401093701
5615786088995817918496890
3095173607749977298808416
0571070227581135399683545
8065287434484728190104592
7847509833153196902797141
3673684723290385867648243
5205333271870633617205999
7903165928489924243889526
6402783175508129976578473
1166309838491282960303014
7668492158396639671674534
0211344051976664815615416
9933338575742718574203053
2616841968375470301104587
4956852083679402622958555
6306447985759104828447753
6307179965550475107696308
9046554032694261293088452
7911758339773833940084599
7032727843982185763201032
3812567880107285545437838
1018385470613239253552401
1983339545868882809905928
0421221887401373954179263
2639743099722305380425018
9615537189438117096458363
6071563389286417793481488
9705725128005901669305181
6118402912125948453514347
6319585155823993588790166
9531426917480722549427154
6822562369734156871826716
8952566862293277682077910
5583003938413590455702432
6697741852669925724726260
2240100262272733909648908
5099966844007386325004899
4541587709978910851492640
9914487181673133227250258
9256442991484473790089935
2608233048064729843848267
1489788732905310879640715
9186095358947582344021662
8596128669902713663218236
5881315039029733868656390
3278899463371704504037866
3576304377642173438331387
2333502565180263770254870
6422094272534549720367314
4620401362230676672908793
5849933421977749648157791
4791730463943657271594982
6827548378814113002909703
8747291669214814861491141
2489892322829455993599019
8818135591723505106706578
9354520021542084810119282
1323677449116781208813610
3540205138391940194881099
2047566921137551227158594
6402522682035109741269846
1274712759557908833014895
3105322673950473428795201
5409034295063419290374844
1274885378189078477581601
1590931108680560249050215
7123383408443034141152261
9054029008344488750341419
0364441589609159012743786
0766111088992150047908069
0490732689023111612854756
5943357946190526889908977
7867383148054278901356834
0746004315414657863758154
9601780519295252725974357
6055669572396040302700660
7430727522506501781393226
9447766972364979368651404
5446306046439493481111581
2019330463339933943439913
0636685036053255084883675
0413850243785265925849707
1403652289821293675615723
7658847522574481526011984
7881867176176538377473228
5610735515842783103490338
1375272760422420037777382
1583140690844020241855354
4288800961716936254650812
3839507695389886201326896
8522686414530935170267480
7092277309328191609484428
6095287410821940701999406
0507306281881699549249475
6838370565226957759481998
3348574104435587246940348
4419797468499552278622435
2356972215778658458532318
8672372707703934951853893
3138174945002136111154701
7650658508847181058758644
9192357537631800052443550
4965985533511625265612339
6437666742308171428476893
0682148927368274415664565
9497077563902580074476105
2674059099145970751616283
3049866174562997764968556
4307677294734003950181909
6173653474292751790989628
8717554500889094435296859
0035420244613401741848267
0453499700257515939385934
9146436779233046521943270
3645129048552435902249955
9391712949520385179440496
7128150856480057500695589
7992584432970338987013785
1418727167421184767187122
2376714889395778926063279
5592560383109959857833131
7220188834867616525791459
9876455345314401206719869
8681848008348737207246274
4789080915361523961674081
5436178741910641392926168
4661835847259243180342705
5117559724381575113998438
8847991570055004009847105
6385545163924335382617609
2059684894223435403349335
2782378330525126231086833
1257587910664063512811971
4767536657897648212772977
0562233826508591524647082
5045951024081568649570354
4207362667935457815012240
5032551054111500411577562
9864535749307977657285428
3811457662110245088700302
3348540378351147256665562
1153852594988307996535281
0075026489981997281584795
5514610812991106874301933
2633383044012443921502670
0731337645662481642892112
0296613166327114787689457
3948325238584499780019842
0044584986297024498943769
0193433933434244159246099
6717497273917410984781512
0411813007378245104687826
0083072998285308053794325
7758529601278535132791135
6451266793380356787311828
0332126493511740572094858
8422785056941632935734683
4728702367769320027660369
1848352605008662243797360
6646009398402434685040035
5516360474984750215350902
7045533553065168945681987
8228585256714067098005605
9486280812273356415208093
5699792927552592636882998
7304126745235573649897423
4161828378487602612790015
3747090106165627847678795
1103033052540265588784542
1602746564603766490539892
7087695968378682034953721
7878930448627922798668537
3110861817746107201741321
6517514903559127737696272
3739997146975291578412585
3428610613608689853868535
4677824208733252383141776
5747934651946214535267283
1590075850956594319231817
6372443009061058304309670
9474002466933992034570176
8385723725266682383547127
5539130080344824521076916
7110493304486988730210429
5062750093803654614470762
7914512252119864283695045
4294305499353496030275828
9435168820810264118267287
5019163653730306508945364
2284006826772877616440395
1444638663691979702017181
2332444581792051603469637
7616472865670097657514629
1284784423800524771392862
8034899872416202314010655
2764833815808394987089983
0155305258505632791821960
0097646882178197118027634
9637256444028420826132137
6991462351246157007494434
7586391583919408126675168
3872214904761224846420325
4203864036802785625390409
6387768754007596034539713
2095730688476966746499868
3957855042218528325389628
4468887960781816549761351
3037205520092740683142076
2018969613137208177409362
2357006137277561194846301
5429711920021669207464196
6122138943398879419780573
2471896985012238517813864
8983633357854475754808566
0328012405230558801666434
3910127956665490323819179
1936588886057796545640532
3208217342441002499838166
7546900164056465638415142
6669748996523116638659699
1848646786204482078931824
4930508320182768998136498
7371641189378216299192948
5221800083997427583337411
5011543933203348221264867
3426582914060650805750056
4064816165654971904843038
5937554103681122419888869
2497088109100342600937099
4461548175282458852256344
6138937813794796461425701
0360270580288920955228693
2803921199282077829735320
1459674455583696704745981
2018492961695993680258300
0739157551762538714079535
8100334020154819405183771
4200769926834773168093821
7748945158083948418070885
3662427323905204531056533
3992732327934377663230955
3981352196348326752161525
8348370915807780523238823
2121123775491540618418371
7705711747828291272527503
2103060517625127037731067
4660705930448564629021084
8250693349664941743476235
5329582577490303974659790
9249591252191853441251218
6316464279563868899518401
5069696488298126331738836
0910358615993664358058307
1044164492250213543618593
9798534279404977977808352
3058747802605915273275129
7458700426552345168342123
4963310657213170143673734
5474190904369003071860248
4425514395095835300592283
2140394785251643035413424
8508646023991012050322855
8951202796411751406364741
4904668218447063652268952
2460686502785394892356527
0331149037236206268775870
3979326321870298617625139
5054175871433858997286516
3471327359054708198594903
2801336732806709329911925
0529051276009796434051297
4128671082952191237633388
7420414742461125466849653
5729442546811101422275327
6055705166521698694764981
7758791065116963958319759
4173182175375272062987935
4757168090083382620605533
7090469338532447736322102
3825171266488683681511579
6980216253333364141769661
2270445217705667646585882
3834327986896987002151226
5226605235384597791032119
3031523461664524804011418
3120255046339605801491609
4228957806296286510549836
0687649239874765473361524
6870690648053948648253226
6592855549259290772058862
5186322317050797563371501
3665552132197484135702342
7805576179667262007004478
7327506504226938175460210
4342566705429117947499312
7565312809516998198355222
6055049089138861892031346
1354883280347960100965660
6910677167078063778822862
3462273198844376182136153
5089931261336621225713465
1807128115501235626313270
5123647570439031746470296
8832849382293578847466616
7372873811182395460615804
7352698365487577806857928
0018832307936010175710967
2002746479332953383264699
7139070764907087746561350
3142669243001335915297453
4999941811683001050080589
9820693430669267530269351
9291575324971795814936350
6128426819681774301668107
8287537564976699734353156
3369574375854168746990015
7062356686301532292783966
9785906889967669674603895
3549277510358843964143133
4504154136929736454639150
9126481234821037309607471
2984767239037198169142134
0814545827890000435550627
3947830593481429295262324
4229025391304238626693352
5556587370154045032397650
1098334034622315509612944
9875376980357265992093098
0867516193686622094856945
9419700892518964568988779
1568480302723724727219898
6826678330540656777303224
4312989929546048158507004
6688716698410829345639771
8422157812839352468300782
3360526296028930261799125
2235106164761683800963534
6411865019558766806520857
2527676598749301552410185
5331007476925435852110995
4269607051432261086947435
0633695494880690328431398
5499638037448668082455193
2054581712066811765268563
3256476146944481274019656
0973865154337086012854572
0027051806149813016285275
4240215161298153519013749
7656629149379946835980992
3380079449319249277348235
6757138533020130559387197
1059305327473750011713907
8777390240706888933896760
7997991614661759299920498
4058091656365158946694022
6813583997238470840285354
9960530935307677199272013
3254613095577710834838701
9698932159780146632787230
7004670826171156953848883
2216111359383799607994237
3508234820934875484866599
9241112906830012773740208
9189057278639237312625602
4976374732418479799847078
2609355105974169354411981
8405491730063101942464391
4743311906302978215384375
4100353402764307402769944
2405969149041279229615057
9469701733988110020422295
4930673423005598620370340
4619669114743320424144098
7003714993519400401674738
9006089651721072977056433
8842864289317467749480906
2915997937524383970760705
6899855717394055968966911
2982188127571865801755362
3195073655950723920114743
6001656927034456218344163
9558583658698579816329762
4560248456075939225008428
1622013879885572044020107
6990854916994627954262543
8824284238535397117997692
0915454317301361035433105
7214526493675195303606101
7703175344449252766452935
4772183315924915216673633
1885665790050742603079671
8046785695763258620481560
7037098603917494002915197
0235498867333593370644236
8763619299692489108732273
6329740641340610448054546
8593893799458114312055684
8654966545954669641142278
6306818573018698797597764
7557290563062360215458040
3668580855537623804769982
9401291192389195897167707
8744558552638866745178126
2848483045004023479324944
5885799355458229768353357
2297728404110249888626186
2374995890340440832285780
3813559485425171156962882
5958577621504330763495795
2503348734340589137971841
0195695303341977453769992
1024817654052112488354932
0050536010402385113440650
3327379700687702445865855
5273628773460171659079200
7927225069471426387651574
0216646679185323857063186
4604562540044161771226346
9020181774894696215520821
5954701944556976168877738
0751370291801911435556631
0851950635884129784845999
1141296131271317833718506
7614616649022524752349216
3144801185617268718223663
7848381374810431083381421
8186344498621381526204178
3076483633496511386351020
7109351193073611821342605
1178700317786236460522654
7820408046433937735275767
7421796302150560287554984
1497707682604586057992325
7185691311138240973404620
3245961421179704559892816
7385385405725055010876802
4539388557658582058919250
6276438321920178372489035
9360526189251063118952103
8403005013820138487067648
6701278657383348415370226
3325880319991172924435189
7203018234784957251796553
1627137710862134020251606
0703883715194922609120420
2270077137140322168607468
1235840669489705343753822
0579317168743588280607553
7077754307774477048892331
9555812777940273093007742
5124163123186191994256838
6884021196108495279140585
1238566766581253948469525
7880661399438588539596237
1016891006672472588672327
6024990500731165017171462
6132182856702184083415206
4846449137451064967104580
1801142544531893741777992
1729927950488046234979156
8742191697558711879163106
3685722624012771035308293
9040575991792903831799746
2385862959488618204381262
7568667372611458806866357
3508502861140863815663742
0900516381248770298797815
8323337157810916466429846
9985188921245840232567098
3707500377465551580246785
0204124077204472443039925
9391512775745204849800213
8986760362584827944642550
7788700086847859656924589
7794422488993341950911613
4116200959581051479780820
7103840130416601470602869
8878012699685604336751744
6646075757236596896139932
4865036087494428344182394
7485196160063515685494897
1125655231905042352711876
2290793723672793961993329
9439282836433158337866961
8908533921216826680224771
2029688153897925362336934
2856320081583169483035991
3702553721468962475775689
4073313522796471046754042
3553374930631458548416068
9148027882051351499961275
0372181382129050791489348
1860674442523851801442617
4371432094749626170572515
5738234216212706578533189
0723446685177599497786287
5346615685941050942630255
1424804212813160022549027
1644282615928298245460008
0724538105539094720747680
5127552869761577643522406
2139118190452467177874407
7301298128613072643514617
5844967745586972303433215
5496528602015110579837411
9556813453963621775426064
5098254145183699333558183
3497786577053784051427336
1349349727463201835149107
7301931281541710088216149
5472012341788862923582704
9052055318281848695821964
0992877990917986234664469
1518128538360132718476529
4025192320077524136610453
2941350957594118047560862
9071682347322399233460254
7365270597669079048562544
6229061849974071881385351
2293352170615430766408264
9119454193839776806051186
8685216384854417527409414
8588592451876697172898867
4858778135833511190718805
8401079125764502385159358
0693728707471779607863629
1759608361624400905614342
3572538348750980075212325
5350528180844496450957643
3578614935275659286224757
5664488812736939584786000
8306925710135368203143308
5564398989813409080195822
8469623973110970676730192
4057718190200325655957979
3905011374981455877589327
2172510068664295102971320
9140113625627322325062757
9851683908755890653136824
5707889867387035406793961
9291856361722861079571240
1447399655605013914180910
0404945632458411507137896
5770688292131182442209835
5448955724985344176367274
4386317280249320946436716
8889786095053229185025795
2151819903177846457770782
5845229578849992367574619
4006623571277156054235837
6202750811310592934979905
1687885101376105400380642
9687908048170762560837235
8635306345599903659115232
2660617351911210964911386
6946369476020951524505204
4605032833311666705154915
3735290223153529766922145
9056240667952267077920099
2921411567496836480323522
7431524962249415755167465
2427076849699785936973648
4624268049495035414123069
1196022585481831791863288
8286692006884521693781250
2589306200788638339669849
3261362011839656114408846
9151583067045995187081743
5951031659078112039187752
7256356564115607797188413
9945308556803956014806838
2530679684427058920717638
8742124972620274330245847
3726094275017326379922575
4874901989729768309421600
6305500757093426562750317
0962923709805862479693968
2459901382240213640609271
5613855971399016033651742
9342141318905181695614759
1169295978573098185921859
1676073473277607989827378
4734221649187481091452558
5271307225945905187643874
8236889899206288773381496
9368321241684613448467149
6830820820443004446778809
2075447683851939075614205
8962515649062563278692562
5490902227287158732130989
9693359924571822115641035
3407983100180265177913284
1318590999157633557355321
5625377650655672312391627
9938396641106302389700445
0044596058705630349643118
5433185687523480373723891
2087213602232442210370598
5420258717416675690718941
8522026421853050888835244
7515076619933956824289566
8853582727072984992897825
8913130371607549285437593
0465149607427879955088683
3623781940549644470788658
2302177696093642604956335
6944256805930316010751628
1358659538962114492796809
2557154816148737818346707
2851302907466138306624822
4864725701966450124040028
7344362621021255704380066
9001375801412386468286184
4430100614928472629845182
1697447111555384255303911
1865596430990653353616703
0641924338684305997980184
0662757295200722440547295
2086923020794183362409494
0413226660810486046136361
4225817554523610928198361
5394910564274851929130853
9961523162862121675717765
9795572406116170459372765
3865427856649103541314284
2285806648957132527872268
6475719343085152217585817
6517830839514749102007976
1753325004158392767474287
6889316996012898827704308
3758278045983757449493480
0657719509464858055829409
0481301610725382829370342
5784567310111630610342146
1927269964841828325957036
0024273452286683878329853
4031394178372574921964238
2316902452968984152657319
6288985114664944017494107
1658750987536961401162519
1957551176414341999621408
4439625475616506030350696
3665690002613060775551054
7094788278159217181270954
4588876730746960499844400
5035943145177869624075921
3108247217006687380867243
5234794928827137205094486
4188792941028017972582835
7577128899534884582812842
7410736075073962472646962
9124782479101720806327649
9091478417336950647635886
6842760720683602608691254
5048858232129852102825526
4673630036098098368960254
2809171110504462257258436
9716695389361347798186345
5505276345850329823311445
3482342799206565497090467
6846015812610941630471942
1220372203117963464920322
7224411897524085717106979
9977912835606450077990589
4848607460981898134922137
4310275027669436421676344
1033883986987687371711351
6147832202177416126341784
2164319240480443076407622
1452733994439044372270257
0670269226351582088895699
2441569729961249397237627
6646754942175686550810897
5084964952202547791532336
8801453638221758030139587
7399198906829923103620251
3635559268635477149076021
5087685667154280864064773
8324090677390465712618929
8298055015379288154388338
1847420391916515164775290
7964591434355009174676587
2963679783358533546898887
4989762218124491294721862
0418255475897058261483290
0186575311862170478670448
