27666884779187594
67127984892766946
17299183588171565
66545030014969461
39429354218863891
45223255034705445
02281697986743301
67860305651252991
49410487177754498
11719543282918563
24280089971962716
88296168202307863
90405060556792720
42022232950348592
33320704736026309
57489163025166830
40701174513137170
88000118527712646
18869091096020898
03155459052593959
54393645360427749
78874343576725143
74809454655404753
06878912879378507
69214799702106707
78245070570042909
39053344261550652
91505719244303648
11706747895914625
70734796034368074
68484108340373839
42737242472617627
35316535742447753
04123555272270749
91245991044188692
77741059038785940
89427776613386859
78596823045882314
11176032060919778
41804563327325411
79694955651808371
16559231133810322
62148723424481987
10173253907229694
25378494314907626
50556484618413844
65582984729289735
72488851982779510
94736087545165888
97622692857213040
70642501107443256
85904348727849588
24473419742149248
50912260455125099
68088873838592109
95608131058758150
61093362409184183
38023039168800788
89894458687441575
52930288629690139
36654755682515584
46340680338353033
66879929208170668
61513536947810420
15659855117709847
47756342540171502
36723786806808562
50382041327686066
88146406145218144
33564608622918950
73855271768032737
68339155616013985
17379408398912296
40297159084118531
05917500520169269
11551130724317730
01652050460219605
40668869463473641
51765963107731656
54202023624398259
82066103794113951
50863868481387261
54107296475258786
68556896265785144
96703790333706199
58576993522243583
24613455293960986
28743156315429828
90435650653344791
72817110879371740
89516579825826362
55170547840798868
50444036040806486
44431953772863423
80364420239255941
20468451973736151
47353744661417327
12271213912783502
67413342261587193
98565285498183022
42871746932337896
87365633193433919
34206613434067481
34401608589697645
31489828155802742
01248483173865344
21443948912605169
41380796778069960
06073103934676842
36021089606795602
80255880468465650
67308025121448673
43075048038380161
63126132415338452
86194413977138197
06012151277869419
55031313854313539
33621097259388470
73370961718673419
03778408127625603
57545113793404581
57339738258968878
77327666725089026
26378370915656194
68161553907194110
02862383633000629
39363272844737031
24946472906311935
23932180273378381
29312335540159503
47940471841231039
06097585698746183
64706461830053254
87875702440458487
78642617446827654
65864191669638338
21206424630814886
48025818486721564
92570431809641496
73962626310993837
25419327205567513
60660052598153487
59310595284576826
01340163684938389
03853337237706679
03892569978891808
12148916233237482
86944883964925033
79897301120531330
91291812209475831
02912097741500650
02309192102662788
61565298003598576
20876271586544808
06851107892316798
40387550471017785
43291034573436310
79450434889455592
34976259403933749
33667384809219801
14593926525426303
13416606557616795
37078622732300981
77532698914413125
55713908026670375
29716174265589509
90256898254232123
57415007535642230
60791268080646046
06840012226572411
73108758437313874
58896209492838946
30046522595241920
70711919093474599
40182077046970703
73662526209258603
97554939942949886
98850865490859892
20079533512685953
17270354251665576
78370537258904726
23437369315848890
64966412735084176
39257170162408587
22025542222975923
86751734721073339
57920821619763250
22412276073962922
08397770167741799
57539185339127880
19192341496019119
47974815509227877
90093525989896639
30438870296944294
69162358976775046
10017978603528989
82894181205117408
35812585980929515
92217183848669477
58341333115551791
30409407133085918
63154796184703712
83012497940035116
22025571040557687
56867533942036828
53335009772504661
33391137300317743
19741853061642160
77744658384243801
98357240078135513
25070498895239111
10135725708695641
37813297893820886
65558095829908999
26834909274990423
81750428940640041
26336236198320238
70327905501414673
11528134517180421
32440962425564493
69582519399544606
35536868887979096
53355183552705341
21201292035781500
04828885898768264
36466961068509556
53215229288557677
83759115534841860
25860702085025867
93254173858587325
33173189044393378
10296215125243845
93769357627402014
04803963335995718
94689552512776795
01914020741013702
55450302870710280
35840234231967514
35684222803162521
89377743224763576
73886568084732428
10867551230868557
54878942292905532
96940731703583761
45644804707691529
91683201143484799
78231546070180992
87137897633606346
91307062536935986
12693367234865823
77593611444254571
44365944543832973
89751073165164679
03356081222760582
58347064094397737
76989558116636365
34036793284047342
96457335471901326
35352471891414745
55272414173358286
88170293154484860
86635811720687391
79505265299064491
42288894763418374
62023729109003746
25805796682194973
56250128657079240
19679214598997626
94327264351404913
19193792045993545
00653267572060682
31509308992506679
65054014890843001
56312082871696887
86219372515841276
85147092825851866
52588879019691568
71448065302194923
08484008363805393
52641028378368104
70373119379528066
97088510600172722
63863340969646158
40519387135018781
98974645610319760
79837064947348544
79429312257987890
02030579723484839
27017230823582471
76915254196308295
83198840347793750
77478243287573402
16200488529835029
11130901642007270
02625165905930834
51297753072175903
04841076995492462
28436645446691213
04703972542582306
39577757908798086
40608282183244147
49490120988973955
72946951143708243
77177277328017429
04747784010927424
66491325219035143
15429737215531519
85711911070983523
31104924291193006
30758401701078389
79692133251228234
02095360558559942
43864106341476758
36336466224094940
79731632115221164
46416845902357476
38332475790366447
69552219706972844
04996463635118080
44199802837061734
83892757906559599
74559116854926191
33392666914823576
64676693442992280
01552309670907129
90131562756261332
91072057062478759
76297677012813478
15475793836919307
98646334711644796
63629403598267510
95850441646902336
58556132424702967
43318046237444075
16441692694744036
95361993716368359
32416954846484235
42411664680115898
46393362453582691
44178117033407400
00757205406945817
45479110624482319
19302909124476030
18151032770627615
12183623103415793
11531492313803157
14058333422912222
81651219494034292
39736005178816576
97944731641308957
54067347760262737
80874243417364908
73210373938870900
50594057090230228
31353402663999868
93105418417815700
16168868752845054
79758752549025046
01227302042183557
27916193148809553
76163444279780254
38861112356091020
64238997943773206
19610041302273853
12460741530186733
20550348090873005
51654584014385969
31992893992499842
91777755740967971
87776719830924009
21056006230538138
55681762231650942
74296438865469301
05374643823924187
50280013879193585
44782883015087814
75774119518984003
63885077035484637
03169719381354950
51202881972975238
92581874153776394
68216848027589897
15327713259826905
90117140030249918
42614471187018827
67743403341850928
70925177441627710
92806433438440568
28595616720328899
67808762442709641
17778462102000537
24433942080819317
46957823647537484
82969885745087488
97753998787123040
09386596543819519
93032940208655767
61146726598889806
05011391428575466
68020005808604735
75056416960287762
79873008272112724
14910711522562430
25829435493015583
97822413236277144
32896673159583952
98816813802883490
63655623983954030
45547960523968420
19262700066312173
68319525009681539
04700569612238251
00523800946859700
77862607937468532
74872863561644021
80647875867416601
13796063004436696
66403374171550191
32835305756764565
56939317659361546
72362683470080107
48754383908460848
74324001095017174
17312839392973226
92489470095373634
46800918378601374
74361487121574770
04133972600092276
51868907936573683
45062105422818257
29141719771052925
89671606011780677
00875789096575102
49462505275081038
87486467688157380
52856436659360269
54161301315948664
62016708816187797
50260494094407505
82661978874493118
21070649024688163
06921285471248256
85234016306684335
78798236539705331
73212261515529503
92633290665239764
12896933250743927
87654758727922657
44328601569962193
27314295777721156
32529530833124300
39527483547308273
30613364638005534
58772886521586034
83108949206807985
54697236659804354
97852033813102170
77964475027844003
26670439094644339
16347715727667241
52562134704796231
02519316174274473
32395223796695269
85618272660096154
09732453191538884
92528079035008162
88815460713694698
96402669694528153
57643237119672564
87856561807405044
27881603866218702
99920234048268144
29681126497010890
56148982512820686
61480114388682369
00362240863375810
32053009027062027
12638233505116380
58052793015856894
69797071116879723
40510452324553465
90418722077953514
86162851607784083
47521134106695503
92932509755919195
14150735700037843
97793766826688576
99851954141634466
21145474691902912
56122556355698931
94101632327414737
58038001923169681
73806394884498958
23303020600109448
22482918194069571
03548546730322564
20630652014394075
89973101730905289
03034690427417181
25161632639948135
35031912727541317
63450669589101364
68198986229097812
09968639859116600
10224189860970284
89628717393267960
86855097602487665
16586872473481757
05966642366805742
44871465125066719
24544136547639858
18105234304601806
85014437365699025
42509918128569715
53018614486395578
74499820813048336
52521255722483213
99619212218293358
33834900440666363
15072937204663778
69442906064897346
15102170809197484
86552815784650738
18946294046929083
28487297777473717
48725660125043462
71889421995545101
38536415370955633
23474556484537604
11154524879047596
95418025295325508
15097149215147713
84241925952236788
59931598901259454
56645650916505247
17371228167973844
25316571070342819
97644191513524144
14659556739340537
66093288139709403
78453743334880797
82322356708414278
10365226309495417
36986440906319612
60422349768722230
32566650343535937
75558022643892802
47886905699489128
27576356537287348
94380972519686130
50681766973383588
88555138976863703
61415252878752984
88353898474850765
36924998101428091
38839171106189246
20784729203176102
29361252622213200
46671168365148344
73127950185883110
62906379145907308
79829090490520455
81302161088742412
18266622070529897
30680114618456853
72176445463008811
57011982496813126
79427586803374069
03057579171016860
92829159889269879
58030468536070542
75918227712016694
98334506465556385
49753188434426893
42747220159083554
10220360514330642
33305437663423902
26260132067787794
84859174043446910
63199833016160625
54801872471602258
17116145436076349
45364839364381444
06606648308148847
95765217381174022
21778229545649502
24494064312303942
70758822958339608
59112393606976125
74480679745543886
40766184983474123
02892367728368324
60894149193837373
83089652501029434
77641001138521383
18015926160942000
52202428943402231
75798744482336530
80435534499996365
73081555075680736
55676566473675249
66413313565446253
26608903838317892
18688085422661574
17183551664491141
11992189908062649
10863054384446807
50796982843964810
40477481298240048
70410244100090342
58539718749701006
17852279620334786
80279801815489301
76740845257331325
76873692115396746
13338166917119796
30994706222649390
43964035207570342
88246354430624387
57494734427387429
12916086798634303
58560868423091976
02005059048017096
55001478646512743
47741532346430812
25434683991979926
19108982418214645
18520077598261617
37295762116582120
41110352272076318
58561111969956828
39797337462449456
21355931949391538
16850973714737560
74120641423534705
94970740357797099
10278616626655430
15061576808500803
48510745879681883
11114761817119962
75883722610648546
21442307239756513
25605531695118147
45961361049873216
29496028319179348
76468626069654361
80144743474914767
70466266849600235
38446491320670702
36212602898485721
41590997254409851
69164985865213398
42950957173864164
08979407119239522
46387029480431452
32272774652063215
44917050176087275
46478325858345808
47154009166030490
26164029027007396
86169476602159872
68647484566945308
24613802552559725
91994149422109039
07551103036083073
65983749605640450
11484949237601985
10321582325428792
45508666194452317
25393501613592550
21350085466074508
07069055244012862
25773386176582914
83318724952705953
23068062207002957
36639208906363455
26885371590325901
33267556969396350
66726836385655507
67789317974167137
97672077490153563
18696614754274927
32360728495951555
34656084001688371
60650964805202831
56717709300718911
37000759610606823
99744813817533682
59725457697383097
42161338400925168
89212741429460945
82469602437006988
82841719870429231
92650409290771662
08733366123632724
23617819314644237
20080608913364235
33651017947752430
27487735476945245
46683436323357286
14347198353170263
74384914524445354
35381686627868147
71945380506671325
37441683173684343
70064289038624196
98455597026039291
78049403341572190
65486320924595107
21990533417670095
03337339133568453
77984859132080051
26443316163133285
90659679353670496
15402144579318084
80077416828526277
59889165414259814
80629066392579434
63651257392326774
48424498033267700
76788215201813238
50735576136617707
68219482230863089
89152721610262473
26920217017948247
32296526642336633
47974192487676612
38179740920117686
58249083028954344
39456800816816764
37829613196356763
15735704406165824
47506095701032688
48463059757899801
50661384310242514
32702117190636423
80443363248626706
81868899911281138
98774678748233914
24563215835356750
81839684002511808
13897476657491226
56780503752542473
24385865068133607
27057954075731079
27393633784276609
94072658619194141
43655426082918249
14223520260454675
70341632140729091
97575783175649318
97147987458044289
83397568656982565
23960472115729171
57753291284129281
96594245156203497
97239598208013314
86238058840990545
51482448329113456
11637188550143013
76204277220678397
22858038007597538
71986559854614991
06329443506086411
35750622557265280
47985268405988720
10550874101276925
59514696452737253
53298737390812877
10390419365703557
62927562926238273
38575420459943451
32326136633425547
18773504290551489
96139565849864110
58880856704197566
19551158365568896
95410917464351110
77811190704839884
95212673815846800
89630531226052793
38944912811640462
95230877124380682
54091743659682806
82916377911123598
39515151534293805
47230151040629587
28390773468758743
96088857832212996
34547088287216989
95044626010751158
85465043933090620
03177145514687679
51432872744506288
42783727794714202
93332013143429439
90589745341731497
64230981708398145
77237459651954280
68329965328408387
93870909891930343
71139649033502754
38647300651854985
88571525077173575
94504866235900853
21361851400914593
04208285937349828
67177694235130434
09632273379010073
00786383918058874
84755958692444702
92877050910348573
04172484457685274
11109229174493560
00112350836149442
70602423928216876
35757832216766872
76086499768772265
19041067509073452
36758381325320723
31627293974067793
87851970796457530
56943889977358121
30067008538829889
35015862204001915
03055942767398093
86071384841611637
98183614067249528
73391843455414450
74843709698864192
62732662007258884
21231851399056741
91899835976503270
04713477544799408
33757703806993028
04282691597960895
54913114558511781
44265904022926305
44016264892109077
21770111244109819
76460146892494121
74829984333022155
05911809047703000
61423404180178257
85815489970388321
69973169617493623
72483768549851678
35346576931527903
27114219279881242
41338481800274373
55017617596616972
79653172837230271
47726325294532948
14878806257163634
96643349186280361
64441098141455388
68334081879312518
76499915724811076
36816541254710802
76799411086402525
38500002298355635
42805871001131296
95388740785755395
67570094423212837
86000855824225767
86505972347462608
56472247771359455
87865243224906311
95451856152872653
43447330393671269
95340273883843029
41617525202381060
78442857524850963
79457096481158426
75304358052955568
71768305973944187
84560280020123682
29611806769307233
11635697480635379
74192438011579666
08961353551681652
89126903259748577
53892872644850683
13048874472671525
38886336271823225
48085855933103131
55756580620761340
48869385843925546
59075763239724518
36445363223400174
14262201081005582
71365247191249609
96682618245620614
28802382712403854
04604910250314495
05309634020863777
60126360738285620
84501860422818856
05274611882563628
46689420940910813
81144237421354790
43979158877488522
70210599679359004
27434201039122176
09689596091771872
95686772568762128
02755051129847621
85883993962521203
14251237442426390
70464439113624913
46668369057963613
52733472607716495
99580138309370004
47564432553216176
16505064777236550
74019349735212885
36451203065564982
18174021763487586
16466186694500546
30053735876915757
98333167543553169
83046276294247696
31710407338274496
82411362593140204
06290427044301975
73461127461161029
29591841888714400
83774594693198647
32810277783006983
17648770279091449
82964070009497383
90074395531467327
05569305355266960
62544421009676416
91084469250027927
26906933731184560
46740831639932539
67414192457578649
99462217868021517
07214488774845383
11422765729636495
92519169329674255
99702065364335706
83874908803874298
28268234519071811
25856738575517004
36408235840011335
64915011213602996
56451727944974370
14822165238012886
34969110926221691
46146105539422762
74150609428210355
58083300232947155
24596645736315137
56132814728689973
53731938268928306
61533333424687086
84772751834960099
62709459950628300
16720358859151437
86461637173478873
04257059983476534
19190553302984835
21239300523002061
64316513109083176
36619546311829167
14743582925358150
36660625958203341
53832936361968749
70159464344942408
92857965746087408
95191613537354800
86527181505623236
88713047944680957
00489313669421674
98707982911210179
84466219187054531
29809164037304432
66881471704718905
35702650627101939
54935303299158348
15747205391537100
88534260617553941
20417749816026887
64462479083729294
37886367454052411
58699389087921491
78275487969132411
62848999548314318
55343170019407399
25832900079645108
88431275655423638
00470154244042743
79126715778678594
52557629188806895
68848470933317593
27566450075109652
61075021380462485
02818463392685355
