17948
87301
00852
68195
66494
46512
79096
43774
29256
75602
83177
14686
61962
66484
76330
57644
48623
17729
43828
62265
58198
70205
56217
15168
13746
93569
96872
23022
01073
60929
32116
58696
39509
17491
34542
40616
09618
87484
35919
74356
26544
03387
31162
97412
58253
60021
49760
78935
57440
49194
23727
62744
17873
37313
30394
24403
12276
87338
91014
10747
03486
77704
57866
13781
22955
97085
44746
31569
94386
61592
15998
45043
22921
87467
01254
37211
77147
24432
96471
50700
21950
79198
75803
42717
14043
68766
31679
57762
12007
64461
05508
19843
36726
22448
35455
25360
43694
68072
11106
64736
87742
78178
72062
15382
75167
61407
16662
03257
63274
30855
36918
41561
65593
37388
69086
30849
28050
84604
75499
77652
62098
62927
18600
37244
86904
45777
75492
66491
06066
85503
08749
55041
24993
48409
83652
99185
03415
23281
45497
59272
38797
61696
60226
98088
41754
32082
08856
69069
23546
59725
78852
60892
27072
85969
86263
28500
74412
32159
14634
80255
09356
69625
67688
60418
42142
59414
88580
66510
66181
25726
39269
63356
14872
73101
21614
23630
55060
71360
81766
32365
10547
29907
36351
52555
97918
01676
04235
33017
92108
83613
73167
84842
91590
27586
92266
84933
41054
49790
87319
06447
73909
39815
86039
41316
28543
12155
77566
15952
68922
33009
12178
13016
99686
61679
21373
04934
82263
01178
56954
31055
82874
17971
01006
02665
97651
23015
31769
18497
73126
38666
87030
88223
61664
70185
85002
78248
55662
02480
08114
10262
61984
61331
74489
61767
35971
52149
58404
12742
81936
69796
14753
73766
58097
94884
44808
64718
72781
38107
75512
18308
38822
12807
14820
47213
34162
51793
84885
65369
58685
91619
58026
49932
72802
62104
66161
83102
12263
59058
75206
76967
24753
80147
85023
44587
54562
08778
93637
64087
83963
92763
07502
27510
08714
28704
77446
91548
08574
06284
79625
45284
96209
55169
33758
81737
29365
96654
64659
37054
04822
37899
43073
86147
38612
91382
61708
60342
45253
55920
50167
64932
41167
73079
02084
95506
08517
71731
78277
75383
69568
15117
09576
54308
43510
52547
08724
96843
13456
84349
42514
17839
83664
47943
72658
49619
30718
28666
84277
70713
20011
72875
50508
59866
44989
70858
73962
49312
35149
44253
13227
44156
29769
60367
26237
11549
33286
08298
89885
32466
01328
33549
56687
60025
47111
87742
79380
27219
67165
43515
61758
50702
22082
56531
95181
48542
82281
86906
29534
48306
66615
12648
63542
98932
21974
06468
13708
54118
47493
86111
94449
71373
01151
76576
58818
80038
64100
07133
55328
35907
88324
91507
87878
00767
49968
05534
92543
70942
93890
88427
42628
19016
09622
76874
71767
25645
94731
75463
40268
51201
41948
05558
23369
82428
71770
26401
88425
84219
57325
42830
22975
32070
45727
93659
80407
24908
54260
18654
43129
34598
74974
12842
83836
43299
13078
15628
90349
41959
51320
80661
68310
44179
71257
79833
30869
80934
70350
74901
58005
93872
73140
27645
97505
82012
64809
88502
58006
14126
94541
50065
84391
76296
64988
20924
98234
57660
54005
42697
65835
91482
33575
12114
96277
79623
47347
78761
81544
64168
43288
29870
17215
31951
03588
59701
27134
19209
18270
67000
44959
54957
88138
62111
24383
89822
38217
30548
18253
06648
08950
00578
64732
83055
50076
85178
78576
40972
18376
77672
87848
26490
89664
39198
57006
07242
77132
13856
56891
90010
38687
98600
73374
34908
80820
87725
80286
96432
16630
67028
65050
41563
52956
13459
38180
52975
01699
21239
30581
29528
60013
54944
28164
67136
28276
92120
99256
72244
51718
13396
13996
27640
90159
22044
38741
75558
24239
22315
57414
29007
95423
08523
80677
86178
11021
47144
44928
39626
64474
83351
12882
00312
84118
67487
10293
71816
84077
25492
08887
10144
72258
32863
14213
91070
95046
15882
98010
98405
76416
75767
88499
21985
85329
84023
44036
02954
94288
47616
62851
11876
98088
60787
62757
85481
14160
69943
12905
55445
69213
55462
97276
42388
42516
54891
13569
42641
30626
15822
81377
71508
36324
92665
19576
61091
28181
82724
67387
80589
36203
15699
68022
78045
12523
35723
53248
02011
76956
71652
65366
22589
55635
40208
95750
00152
33629
71237
90913
72868
34970
61794
10885
47401
68539
08176
61020
43731
79660
76782
68947
71980
21207
11756
93579
11504
55085
97468
22844
28352
98952
47239
15255
14297
48531
79509
15952
91327
28401
72584
44882
38273
33795
33536
72680
68763
71835
10674
67859
31084
77698
80926
32471
42446
33371
65151
97642
84525
93238
63079
53283
12873
41242
73357
94582
34244
38604
53009
80373
76044
74176
39503
90675
97261
83780
32316
81636
39747
73382
75599
20372
76383
83197
31933
66851
43186
85025
63279
85927
50241
18625
63318
78926
38984
04926
46945
89488
32236
55762
36643
52147
28734
66983
41105
74636
41951
62144
68838
31600
79236
25194
12730
47836
04469
76314
63830
98184
86848
44166
68157
85357
68501
80506
10198
57680
01072
34826
77509
95562
75054
45030
95662
89789
49330
13700
02201
35017
10535
73156
41613
39983
14240
25909
08079
75872
83974
33071
78695
04852
05711
05433
84756
22530
91348
04273
41266
16622
70857
15529
40216
25542
59121
08988
78964
89089
53075
86938
98102
68445
99583
97468
00822
18955
03428
98887
06393
14219
14372
38492
77048
50253
30541
04357
87907
76821
03870
65935
98508
00551
26991
19203
29147
43191
11017
79858
98300
28187
80722
08054
67453
47243
92156
13764
52338
85440
12066
96713
57604
03542
54627
48841
47857
19643
35624
02264
16488
00217
26587
13922
45740
39185
05758
34011
20165
52362
32746
31295
69098
55621
11461
81689
77814
85943
17589
55324
48669
35312
61148
95765
23938
43617
35563
18541
45489
52531
43783
30699
26083
94320
54719
37690
54963
11590
20412
96615
59799
79295
27159
39588
73434
09662
08534
41209
31987
88194
12563
80335
23619
91934
21616
81924
75483
30447
28097
02634
48120
61833
83745
40184
38354
84507
63950
98435
24373
87525
09277
08940
80705
35483
55868
01349
14747
20319
43301
65347
44321
43058
95552
28882
00100
74417
48984
18032
95356
89057
40709
84030
38334
79981
67794
28944
47388
77919
58701
16793
46554
26419
72227
94056
38288
44930
20345
39870
89717
09346
36752
29541
39537
63884
43882
54978
24189
74068
13700
87897
44723
14972
42763
46158
15185
18682
20782
11558
21040
52021
70700
