30224
23710
16528
48038
16760
88207
02317
06920
96745
89191
32721
89979
10579
87598
68040
44945
97619
89818
70498
01380
23366
14114
77080
48756
31840
00729
04064
45131
49344
04042
03855
46447
75645
75961
08919
66660
39138
59131
27755
81223
62630
51472
61084
41226
02934
55496
07438
36986
38201
42336
31227
23851
69152
80569
29730
18174
34907
67519
23836
55962
65260
27432
41468
95047
67312
59522
80155
05533
98265
53134
82240
71409
93873
49624
28389
16470
26374
39446
04358
58340
30211
86770
99202
50596
41054
81711
32266
20019
77139
74710
32304
48888
08625
45407
31780
82019
89249
65831
70738
37723
19224
83126
12795
99252
50194
32214
19437
70382
74169
56821
69274
86298
23826
86778
95442
95107
89349
02136
20189
34188
10229
50633
21287
25445
26421
90885
76938
53943
73783
30494
42983
39537
61071
95892
59012
58501
75863
62839
15254
87698
42230
44158
66821
75026
50036
48122
62729
52711
46729
65331
80144
00859
48318
21911
55021
25344
29841
95795
26086
98169
55370
75610
65049
19215
29318
75456
84789
52023
74169
62886
72973
80105
72169
21076
00318
61243
49161
89993
88475
89743
91456
45025
46473
99731
17844
84589
07946
18528
28749
92101
81273
75367
77922
95220
22429
10838
80433
45982
33975
48226
19096
94639
71819
36548
72539
85723
51346
58858
36716
95922
31204
83911
79829
26058
89163
00013
38921
87548
18235
52994
89623
84336
71940
70536
50996
07867
64887
19992
84951
22189
08400
20271
31896
38697
16393
32804
48032
63310
01299
80119
82653
27953
44546
42501
95335
98963
49147
65635
31544
17054
78199
44569
93206
48536
51270
15050
31410
44393
58162
25415
46809
72660
90353
55438
95622
39647
08068
33479
34468
33627
53592
26135
97991
00677
81681
37241
05892
97756
05181
02306
10168
23976
41961
44100
56620
54940
11939
43193
28287
51487
98600
66710
51778
08621
49040
98372
63582
13832
36094
24136
23879
80374
76979
70618
41301
32294
53514
97936
83328
86075
21827
93228
94944
77898
89203
91659
33121
17799
97898
90630
32674
54687
68892
09894
98526
12265
29733
90103
29165
58764
73170
98258
96742
06366
28441
75125
27395
22319
40152
21644
22142
75973
62212
17506
63811
29607
40546
50940
20656
57047
69903
50690
94133
78126
76856
04565
89157
67900
57656
92438
61588
22497
52136
95340
08571
89006
23613
57866
67401
40298
04401
62236
92395
79553
84875
70970
72766
45311
79829
27453
82541
69717
26094
65778
65779
94670
79528
63250
58751
16442
52530
56627
87371
65397
51024
57292
91351
47855
62719
03401
70728
71272
34661
85589
39404
20223
37769
60189
41029
50057
04895
84681
10500
70731
40590
08935
41511
56150
58504
96657
22075
81418
72197
54089
99582
63082
41722
97870
05371
29945
79385
85297
62393
71080
12612
18556
52998
13848
09680
82165
91819
74585
43182
56496
17720
07929
61910
25900
74503
35035
25496
50663
47851
19775
51090
33906
79993
35964
59563
32811
71737
86409
70670
09091
22280
17454
45470
25859
75333
52110
80357
99336
81075
07916
72327
00599
25544
36818
09552
00020
14434
69954
24982
93658
58732
17141
62166
02891
81439
58575
85576
24217
23427
86892
77197
36402
26881
18826
03852
76068
51356
26733
24719
01687
85491
78421
04859
24783
59852
56569
98332
11217
96414
32043
91819
32324
80180
13156
37933
09874
64530
50790
99583
96120
39457
01700
67018
04564
50615
82755
76718
08630
54359
90538
29356
69763
81399
90626
66691
19282
58482
52872
44841
88213
04588
74052
63457
12141
59115
57207
55164
24114
09950
17134
32738
81810
19265
85880
40247
10981
54058
14311
73382
05336
08685
78440
32810
85831
39178
33284
53662
23970
08616
04865
13860
58269
28664
22955
15852
66828
75855
14310
80926
30926
75690
43508
31274
53455
93560
00811
23764
07925
82549
04085
25704
47567
07797
16660
77695
64743
63723
83266
30992
26737
58743
03053
02451
60067
49329
90624
72318
22401
91861
54226
08199
17892
74397
55527
79395
91728
06130
20625
84663
11639
67497
89225
92881
88514
99494
64610
02163
80509
68328
33765
56197
69069
48386
59999
92634
26514
85606
74855
81997
33758
34785
47602
37454
87709
15222
69025
76499
28438
80774
13297
99944
16980
52526
27903
76990
03105
35999
72671
51705
95597
18968
94781
82196
54643
87776
49652
56355
18474
22715
19306
02884
81887
43445
55378
56085
41479
26764
12005
61929
51293
01796
02916
78363
58529
97285
18842
21405
73517
81429
74955
24201
48007
30324
22732
23259
59304
65559
15029
89326
95053
92233
41405
12907
88746
86668
02560
76748
12320
48815
46975
47419
59824
86191
92939
15223
17493
39462
96476
90958
12197
85327
68163
22424
13888
41139
35325
22529
96036
67617
54676
48508
03033
51348
54649
29715
02809
73253
02593
51887
92038
61408
38458
95431
69371
74906
95429
20092
59558
06467
23913
32289
35814
35320
34981
85025
38391
25430
03355
19779
44871
72945
52101
62638
80957
60561
50770
17848
17687
27807
36859
64403
53163
47787
50532
06118
42472
49257
61680
33707
81882
40526
45299
87444
52759
82206
29285
75011
46326
34904
16976
80614
71260
02821
49596
70513
57744
49733
46960
25042
82827
48502
09563
84733
48701
23320
93779
99149
27126
44375
19331
03876
62977
28276
75698
37056
15024
97855
03417
38474
01443
63052
86135
00202
29323
09068
38084
01172
39179
59123
76287
40274
70911
76240
15131
03955
41266
32596
28332
43208
71660
92601
96735
97422
44967
01201
58007
67907
11878
45038
96832
48530
30527
19503
10991
65848
99951
24476
24388
32206
58251
39704
50652
98192
02893
56990
62240
16580
08711
16470
68148
96620
76481
36848
48121
43826
91077
66895
76821
72464
73403
75736
18430
08628
84865
26377
66859
94636
52329
11800
39982
99784
56386
57034
81401
14951
67346
21287
28673
50533
64097
24705
34531
64978
89916
30560
53453
37771
55022
21015
87509
68064
95079
49832
82956
00798
50121
61739
27596
09464
52835
36744
51669
72742
09719
05290
94794
13357
61931
74578
26357
67807
79973
93138
93176
84328
33223
77615
94310
84142
71431
18406
02598
58318
62791
45930
80729
56676
87758
70418
57283
10816
65824
51296
78836
94409
65111
64097
40582
94790
51940
93455
51286
23330
67765
35989
13019
69416
85190
40122
51983
60686
60813
16300
76667
43027
83273
82451
69088
44518
22358
54504
83246
22780
45706
76637
91490
32250
69511
73567
48358
64126
89512
36787
49374
40395
81750
