046173
344123
469217
672838
675672
019511
418977
541755
905613
025886
344071
531965
942449
403875
034237
092650
875645
061533
161050
762145
931148
797618
170565
341374
087803
822118
655151
147323
705938
370874
382746
217477
941501
893554
611217
150410
043451
894400
136329
894013
743217
156752
051375
201839
324782
029177
958256
207865
429584
514565
946703
820777
167902
831086
214625
079675
332198
075750
759987
144074
203060
932038
510388
980735
929969
821432
298191
702682
427793
272610
185657
427431
419732
753158
352971
621802
641322
562964
148240
306349
992084
286537
101214
214090
521235
353297
366170
980559
711406
561006
052678
170532
987943
036161
422725
445365
379699
854499
763418
574510
503734
840030
739711
767078
351191
318748
408027
418135
217460
857282
148158
679806
260289
562981
966783
771251
256272
373529
451292
339018
429897
593221
906130
992699
634232
803902
975223
709806
036544
879504
786308
037046
949747
823069
746945
305450
136644
676259
626223
221325
573282
568490
674408
838944
045679
522849
277684
853864
165136
037450
996465
642439
167623
269205
655245
202741
770426
480007
073478
578661
320908
102806
562938
395686
507829
111990
745717
729604
132715
761037
485458
336041
007791
463131
346796
289708
849838
394063
352622
549135
319404
507779
054766
435350
516000
323999
684191
689782
503613
355692
021777
685225
316404
289246
778480
702817
412616
977303
924559
831543
860866
696287
756678
112150
368165
351528
729563
358582
780982
868388
533341
438451
091530
744460
013467
938252
199137
709978
495727
492712
811619
857145
320804
010966
712327
500167
279219
552249
182135
448343
583972
994879
244936
775799
572318
162664
808733
740430
698730
280545
831785
905478
816186
686152
150593
329095
747626
141723
175110
028711
430572
701095
707157
523644
370182
262017
250377
679946
768150
539616
061559
579340
288774
269596
532783
800001
688315
724336
923511
534123
932622
504872
764788
997244
900327
644052
391208
034271
654684
320955
238806
208681
485165
552445
866013
259505
120923
031653
121782
425584
085410
251498
506442
210834
037241
230491
673514
272137
884609
400170
966658
998356
978273
456970
472973
917515
360985
710626
603900
401218
573977
780415
370337
058512
723237
180447
131812
621163
758278
269957
509739
408170
758556
502585
655561
269790
893068
679863
094551
356271
103770
718722
594907
332081
578482
409830
041164
300689
849184
467896
497210
391589
408715
535977
910939
394416
184316
282085
741710
195484
038965
424237
313429
325426
380007
815221
799041
092752
715566
728078
019853
318624
384198
126520
543215
754865
287427
114555
074724
574005
622420
787661
298237
218733
675451
893696
838419
634556
045275
063433
354261
357854
918536
977834
155593
204125
808150
193331
221639
301758
859843
455485
106574
954229
849839
750034
143657
888418
153709
004877
654643
499981
240165
210225
178246
766550
419310
433755
356255
896829
695849
790132
988942
682278
675995
245941
717232
769265
687819
554412
539179
446959
541725
265428
987288
051222
241565
117296
679725
270153
160909
816456
220425
296187
346024
437913
565516
204563
087058
277159
050688
873913
457277
740207
590847
994798
846554
894386
525874
232503
949331
912390
680105
753644
328927
743375
980856
992752
841336
604067
597490
353049
813410
346155
389744
128335
688220
533148
703533
498984
724299
636748
507935
262594
854299
894747
894986
682477
558517
236107
809113
225927
646574
946868
183676
300354
463012
131751
250199
878052
219416
830671
715308
772449
693530
271534
463598
566137
979064
539058
944380
702093
666734
454344
384928
046125
124601
256624
906239
182301
921874
722918
888740
655409
077473
590849
392946
057063
137609
267137
412337
938529
157904
038893
430045
506577
847468
720278
452161
424487
108943
968610
711135
822637
023437
579726
130880
588942
288812
649810
757894
717706
892222
568142
523109
740046
299793
096908
368668
882008
550332
420703
658126
251263
520655
869385
101448
880052
007947
708154
237241
036547
545516
541410
924584
430535
185943
874042
856936
998496
490086
784561
269035
318104
440354
911270
909356
621185
464227
801716
818718
460185
547837
635037
510061
873378
601087
954440
752045
160900
021020
872597
567458
945045
236969
784992
481860
617078
871681
862112
252052
148436
277520
355896
730937
122019
341623
793947
986445
346442
478913
307380
859975
308962
569161
411615
675049
974280
608738
602903
638981
408138
246885
845075
419146
426837
894441
921023
676422
654536
505426
356343
864373
027126
933085
702261
835004
735756
563097
671849
414063
063141
342395
318964
658731
316563
337197
956509
213856
100554
849509
619111
969549
374179
675338
484330
404195
269092
959525
862259
572017
852825
594231
205282
045177
257380
263365
910856
886136
647416
799032
520431
361601
741662
167395
742496
552933
113385
594987
595539
095605
158210
142397
256105
221329
661864
758391
435385
737843
299539
916753
914563
266739
953225
978560
515045
319409
348625
955186
891510
663600
746342
548615
073996
390936
604626
212009
989571
306027
509443
345672
841985
755512
474983
084627
766359
628267
915615
081542
204139
172513
890220
803242
229271
399860
233932
713705
090851
887365
632586
019414
334300
940611
818749
764137
974645
847987
740019
047303
227544
618139
683005
940849
712815
964830
692601
253068
723829
646458
231935
594473
406082
330908
721284
404554
740115
235066
145645
047037
153882
385141
360914
764059
857921
889287
556325
592270
278487
300484
088519
913896
662472
992786
344584
237433
885370
798794
733092
366009
458827
576312
615450
986378
157909
680727
042438
830531
578740
422517
338307
403342
653913
098945
502100
875870
091803
924915
617414
518450
873817
317035
196400
076596
750665
562444
969073
834931
524712
890193
570403
393240
638747
611402
422590
059023
162905
809593
462073
559126
150299
280666
217971
057834
686992
584850
684167
574047
552614
058304
629028
296728
650787
851073
420210
732764
711983
937999
401610
376771
806559
789178
721299
679615
270712
294531
927879
144673
734399
475261
947937
359560
830541
287508
251662
902364
027211
001607
764663
278559
680165
814623
959982
643000
742806
338064
954903
227919
144551
591178
003500
572109
316376
351115
051780
255111
871315
733398
491499
843085
209581
708783
589695
645950
147829
757943
245881
134482
667075
458971
263081
522837
221333
581279
508168
940134
711938
227872
044383
561726
458245
352313
832515
264287
831146
136068
692115
693954
233215
959976
886025
748251
204876
928595
055135
196623
197872
323835
358521
186635
430679
233823
705271
929004
558371
220698
575330
547279
319739
364194
413157
525832
760553
977804
774425
592222
355847
056128
701486
080086
388457
137644
337786
514799
967293
395530
764895
079155
060359
190057
321753
386218
033809
907440
393624
781367
444319
026349
203846
719021
047516
407898
462709
373993
935828
467673
077988
993404
666280
164953
272928
735450
143985
817660
510309
694277
548722
948918
594093
501986
616275
541274
783167
224822
851671
627344
161934
375441
538281
159127
801615
318919
499925
443230
252914
404948
617215
569973
959043
910628
367791
