717882
343214
978118
237011
530383
824336
331461
466749
778490
087056
206299
142360
530291
431167
103645
139553
755479
665647
397468
026942
059431
651143
005351
403478
029669
569274
736908
849801
107161
477572
888918
637448
931893
361023
662742
392539
509846
578891
505639
097444
167354
547553
532520
531225
266330
255015
337906
364915
568927
182858
625055
963080
384126
160945
257829
210057
298585
028397
445350
262290
475770
485198
354035
724516
204485
129093
793898
413753
884606
470499
364945
227156
642002
816922
798990
359885
446269
719082
212070
821594
464206
798549
124353
794895
544012
629307
509730
236520
735589
440739
045193
553910
864970
157432
670162
522658
515093
375686
144619
764049
311385
618329
194212
320313
665917
997308
958341
837107
066179
303481
747942
521720
705134
056126
222137
192650
405076
359225
365808
860617
031299
489306
741065
687112
878485
042817
070295
146856
049208
267307
094861
695031
851965
795711
355894
982797
773027
085328
887425
010566
248915
980610
053045
623755
734938
849457
719096
657471
517707
383398
297496
020613
483952
057095
538859
536818
714411
035596
887308
802786
306350
874383
793923
518425
755909
682107
899165
526212
834229
646066
180660
923288
039059
762237
390891
563228
692097
208856
700073
792823
869548
780190
250807
591674
910384
274016
488508
700060
450122
841288
484891
870244
458598
622190
623112
431145
562741
894493
637618
668382
062446
334887
499227
016371
654619
145390
549254
854847
897789
586114
713782
278777
715773
483986
945673
029407
047083
691081
931115
630158
059538
171498
348599
849034
867068
976570
536821
360096
224091
225598
371827
799692
911326
231297
292649
287301
297960
916546
103088
869733
724253
832101
535258
655738
193327
271782
431185
455233
975765
649299
655230
863808
123389
342047
871601
647793
088222
170663
319905
511401
290371
871050
660595
270597
771061
254356
606648
044713
216751
760949
137008
673671
048219
625715
908471
230862
062336
418124
413022
716775
845839
565172
160299
718021
044861
094589
894878
154923
591032
077885
876030
560033
692555
722647
641634
886475
132788
388437
681687
244649
265947
376808
366322
672094
596754
172593
317791
238610
668588
247547
403859
448600
207763
233618
659495
557799
042199
784293
479262
999743
594910
694520
011727
498969
637028
638239
934303
248180
015947
797744
194580
034344
370574
869568
001115
020728
931621
876484
876873
280278
761647
333700
228031
797134
887997
371020
762995
116978
997019
972061
253810
644976
346367
856558
128361
978853
973315
057585
321644
664338
311184
735772
575704
143056
477362
317935
137373
349142
310806
469895
089409
503303
939211
630732
553525
990185
747156
830600
281054
849671
478252
055982
438317
737328
389494
693195
156441
379574
610502
994300
789957
228902
598736
640860
739820
193726
782300
166223
443361
155920
901827
116362
285933
517185
332766
168385
041152
143968
092903
677239
926846
917428
700716
381352
639896
046815
845361
193864
038355
554104
013283
442152
289936
124760
150337
370834
606929
207013
624359
408633
591186
403155
393882
880511
053126
981224
905089
967903
246381
034425
309732
691031
726129
109170
721408
198056
585675
580990
049352
105513
038319
149228
228609
380773
431200
993207
989530
576238
292020
735027
358587
479446
919849
784444
224161
183741
795380
179818
147648
552850
993455
132260
742357
050826
489557
793644
224995
142842
607616
932637
990394
316083
566098
395040
158632
635151
841630
681012
225260
984346
332617
271291
597464
770318
600728
971117
975941
695297
087673
011224
324213
524197
648390
529040
357744
436055
815548
212039
613993
344282
466069
450842
820016
810788
527661
920440
527439
532194
474098
871692
319553
545825
425822
982848
486725
773813
602101
116755
813544
973789
457321
675184
979333
711468
306641
438017
334831
011611
699776
953150
995152
239991
251251
483952
692903
846932
676683
769686
001158
204812
631095
495839
922078
440920
405045
596629
406382
437934
745916
180425
275935
463788
379497
991764
991201
754382
187936
839654
058641
654624
183731
361134
763133
883201
271691
362744
428035
405838
260085
391785
405736
499045
331096
401657
987255
417349
449563
882247
295555
037356
599803
414823
290471
566868
745134
086541
776047
984196
485199
112945
206880
555069
410041
583969
533601
951459
845980
825931
362629
989097
027752
784703
403392
922319
392178
393161
141475
288406
827642
741898
251737
588567
316564
361538
332015
071870
512523
235525
353489
233622
702357
933121
796023
367080
160506
781607
676262
944846
937985
377038
370801
937005
136592
898956
010799
434916
433581
760437
248699
322262
234088
517906
631802
154559
257881
651822
519934
941529
829553
582306
509727
891225
561739
491359
198717
256476
057969
295906
546240
399977
111627
500251
891270
479626
485292
994303
166581
277273
859519
907654
659870
822358
806671
332014
097296
525987
992261
396501
579478
837301
512915
317460
164212
055570
234176
781009
486423
657203
711512
540938
044617
967702
391325
202061
840145
385385
973488
593586
004962
928273
921447
624215
740987
958758
681158
768013
796053
572038
933824
597020
578315
392635
565711
543838
303289
435204
824381
169910
206961
193198
609993
960645
203987
514591
510827
590617
678104
438197
299415
241217
569265
815567
172950
576940
339105
825297
089580
635740
230889
053897
275678
509470
496750
416853
920552
496270
303617
615642
119890
870865
060035
627099
609552
971984
610864
374794
817648
640423
396755
278546
447854
835954
379475
380073
633474
988337
307637
669460
070161
519386
633096
470971
174616
760797
451747
522932
572933
533382
848076
344152
360311
158123
097563
799008
992037
302071
087653
550408
313370
788344
936446
210990
921317
211860
665384
961714
570063
309701
951400
597433
674141
200248
866028
898962
282178
423719
561191
221629
316774
464617
700214
721406
999174
216254
485876
858699
952068
881525
366386
775651
918071
721808
822157
474601
802739
782906
023933
794512
201446
507542
420428
414137
580089
075219
710426
723778
435232
987411
611502
048553
076965
729995
167414
290424
393820
483726
643522
191293
312518
524235
307221
716776
882821
835753
653769
582581
848793
052622
884360
941066
687101
922669
225248
856537
655482
053953
978687
728651
923850
925718
760548
502064
396182
847164
378487
399289
287191
432867
048960
782848
406465
957239
753325
677017
909436
236603
596790
731584
124017
862418
283788
472724
388488
721675
748409
703976
775484
993010
321345
993065
693087
959096
249317
017207
798934
437272
511232
325091
945482
949730
361407
724348
005643
565217
161364
938096
424909
677377
810211
064537
197175
667783
223093
383222
103430
508713
703148
211256
205511
331874
911668
018534
476245
267461
849398
351815
000629
666558
529441
873480
677691
696754
549444
235574
118818
623679
502675
466888
168388
847958
629260
923903
257956
543044
733827
261514
650769
414478
568588
082786
275458
098439
699962
044210
794089
655178
428579
688353
036630
766187
693057
889921
823458
104324
281172
886617
524059
362962
621412
596424
784037
974083
086966
896453
243281
182025
410185
162707
511730
375089
