3205
0922923
3974166
94013189
40297
952060273
35825307
95369242
2995748
553958586
033395
96267
6697183
5396372
630213
7566464
235905281
074370830
257962
892957
87356
66841
774949180
536118021
12738
86491090
947166618
4392
786180
9617
25231258
3640857
64929
7066085
863373
6639
40985683
6697
81401283
164417
76430255
896100
8039533
07978
877485
010270
567688977
69529245
7088
95313
1465133
24226128
44446
6359
2102753
2081
661934
14780
8158
658732
347131
22585646
251345563
4048
90603
10488
141489681
7467
46401432
43881
0218
99264
6982
081266351
695106923
4016
1582865
1364
212949939
5932456
5238
36349628
973828580
826935
69731393
579269211
43722
02265
359195796
9003289
453705
548614
0453698
539519902
239778210
9758
3274
0855608
1736265
0368923
76649
3461
1631
41994
0210
91407
68498138
2233
39580
472929
08424149
8506330
043443
6702
876177866
695116
02596829
939127585
554687243
114834390
8853
52359777
2408
81303353
436635362
86799092
493363
282343
925919
9885883
8979254
22403
7261643
19618689
0545579
940017
777630
297002
1083274
44524617
566098274
094067614
030775
7015
969967
053181
607496
637550
72529654
42419
4663
09386628
19926
030701441
8917
677527504
4601985
2083212
7661173
11249
9015510
557085
418860
587639
6513703
82127
31086
852205465
57662
7445
5857
4955
7558
24052
98475853
4560
43155
1435388
68166609
7587406
7803
346469293
021830
842042
939358809
11269450
508475596
16103534
358007
7652826
304606122
08585
61279371
92709572
679387
69727
0400364
75593686
67672105
732670
33263109
6943
797710
05895
3596827
327998065
13483044
42264819
9397
24023878
11463
813211
9641721
602589
961188149
77542
2076198
2764
355749
405658615
6053
05077
5161965
4452195
766161957
7803
95369
209814616
236597621
82305149
437862
41879316
15414462
8977
86224627
2466337
1616071
22179301
70949432
9295133
87204793
44276611
76030931
71940656
31949333
61683845
7063884
9661502
5740
6549
005553
40203402
48830832
528344
037625520
818508751
087775976
367024759
87759
22420
872433664
25229
47677
2174
4035762
148459086
365950
02365
6689
136310089
96710704
13878145
216846711
53268610
32582
487723
609065750
421256
875813768
55032659
86836
94847
790543162
65206
924177635
07693
52382
1259510
957702512
97134524
95411105
34877895
13621
2316234
070438
079879641
0177
37354
21032990
328283491
9302628
386307
8798871
8115
36336
2305781
905287
56775734
21607934
2438
8010159
89010051
918607
4520
44140
73497
060874901
572324
773153
2768
4467
5392
6992
405385925
3561944
3179
6419
593766106
06315826
25118005
9976438
87925125
753358
8600123
12398
20756
7417948
559383925
651790433
328068
2089195
9184378
806880
917255
34923555
46024602
52831660
1326995
5729436
112285
66468
387641
36146
898461
718524255
97509
48098
632382
28621
523956515
07859
186531970
40810160
26058039
261173402
251803
17486
365312
6676
481822881
6397
64391
190926581
1492342
58066
0890
457592637
1287
6515
061262
14728
823670158
17598122
18211097
32497095
341679
423946
18591
171968
888585
4095
9008980
36733968
78298185
32324652
400955
9091
9867
5913
2099263
866656620
6872067
981088435
12556300
2420637
973564770
89025
06823
2276
1111624
3607188
028410688
886578799
08412
73061
85153821
39413210
2885621
283263654
342716487
17210
57452474
3645573
08453868
80832
605133330
3625376
1443427
9879
36279262
4160718
78069085
452998
5536
9965643
154458779
15642097
42634946
40451305
24788537
1664
893894924
6504255
9102528
69555
867410
75369079
93971
9466
1620
904532761
509231
122748
44078
655505
139192984
2584570
2631
277923933
94722535
0843
40068
04353
057214
1470
048669
139248129
2677484
71169
119114
831416
5184
48792
767955943
88868828
35289361
290349907
096902
2503561
8465
702718091
704229
657315
57163
5551
4748595
3547783
553050971
93944
170810773
68116200
90117566
364929
8022
60103608
944877
2247
817270982
14724
4545263
121700231
0464
9666
7775
45295945
06778
405504450
13614
5032894
30234955
49624632
7185425
54645403
84080
962136
555750
2400
27973
9836458
327535
0996003
5582332
544339
418070
880796
29623188
630617
81982462
2035
5677
532436010
903610402
627884
15340331
222141
6191
632033633
13434682
15059617
11835
63668582
08777306
87086
184688
467051
4890
980947192
453291
20519
548252135
4377
79998035
58018
10513199
056118043
8616886
8018
427403
5255058
542392759
559535226
396794922
62620
19014
81158251
0938263
265953501
738132114
91553481
1655791
87258
4051
19373841
296107479
4924
333080964
17226796
2537
511971556
285577
978809240
134499666
2589
70491
8866
9194212
60419694
1202975
04523
1395
0745
0579421
6702668
20299642
28926678
942315372
3567950
451581827
018248
201789
2605702
7987
8003511
32457516
1814872
094327163
63008365
532721194
167628
434598
4037188
87623
2667811
79842643
60322
3108
33273
159874418
676449600
979261
331494
716648617
72341
751902
655354
782788
72990422
813823
9787
9879
1021982
427261273
33645
5440551
7168323
78218
5248
9693
1595167
5704
72172189
83923
0473
13648645
0817285
466862
820129281
44899971
509588
266499761
121947
89368089
6584122
85404042
113985
8578112
658812
069556737
60175890
130749
48680899
3687154
2991149
0554
76009
28154
5877353
649882
7855
760355665
480285
75344
17330879
7518
80482515
356516
0973855
011000
122113
9271
757330295
408402499
7451
91799
851122
7925
23634
5830
4931
813620809
20274098
01185
218105583
13268240
8729
388052
17275
5617
26840
20819
728656
26577
67292163
185644
01880484
790699333
03096
6761029
80948
655388205
342621975
1523142
912136311
72133
1631
512831
686580120
345185061
3561
00281
7922
6877
5039173
62533
46990398
776450
5698390
2832
205842819
360177435
984839
5693170
261454
2130
24298
170491414
0463
6466
82192
11397313
9409297
8775
160655671
3341343
82373550
381908
92706
7885335
833789
2985
48569
35756
75480
74669400
81217855
410173
2403553
00161759
34983209
0564
74421
704023326
686716970
471655135
4730
42774302
943380163
132920
0537
5454973
771168430
98827
160731159
1629
474300
457928
395213471
278574465
216289401
724378824
33867
70487806
5330
59570
5955002
1268468
5764613
272789869
7559987
4048997
21303102
7661
66667201
627884
16814
43443231
3018440
36622
92823
173741
069405149
888907
3920
07397188
57001
843285888
60821
438730234
17147
510142712
05383809
4325870
5575244
7667245
691565584
5731
51810893
12372
64626
050719812
5469
869910
97491
849432873
2116
290489
28648
21106
4240592
436632
46853
057717686
927350169
12106
528780793
68679426
05350388
0546273
0985308
572707772
48997
797649065
63117
133500
104695
09056
63902884
504866
174267614
515211
87698
91720219
062654599
35729
765157074
7208
6274
864774
3686514
173343
946418
90821
7371743
9575543
1795
1452790
501171
40583
68363
314213747
532052334
9557
550435484
367698988
672500793
755394
15860
42031940
17657
04625
6248979
238402
2096645
1444347
608494
2803
491440283
32130870
20007083
79495840
0684
31837721
4792
963893423
6141
85307658
6033139
3530501
04236842
562064
601804304
1580571
4863259
24322958
498138
249524
5440788
49635
7599775
674011396
818216
550110797
151652
1796274
94426551
6103544
348411222
74569628
7553539
88709816
07717
2437522
91547669
0257259
900955417
5607181
2327
833834
4807
530497314
3523
417405
85786136
667460
82189238
017629
6661
559265866
2003280
882450
199793
046362514
78565
799956252
2224
3045943
801914224
237754
955057464
142927
76635
83614
8559667
0286189
6257
23118005
030568824
30326471
8078
090586
0699
59014
41963939
24416327
058716
2865
32534323
0420626
4408
46152074
80754
8129940
5788199
16164875
79538
7271
26684
62489378
7009
00864
7687220
449022
65800704
2418
7240
2552
79920
93281103
968947274
38062642
2963672
701144292
369752
5337
1784785
3761042
63390
9634528
626057415
66747948
