04623
12
1120
61
15513
142237
2132
422
225704
9974
207
77898
373
45988
187
25464
5756167
1501
4113
21479
285557
6585363
086639
27
73
83
738099
59642
40791
5602
55297
6794
527915
679483
6884
3003
776
7533197
021534
49
076
56143
2912
1671
652912
21607
0366978
80
5451125
111611
2674909
438352
417
4291486
7192173
114518
033299
37
203
112
612
505
0701525
3879404
5341233
142195
606
862
5504
74
7399729
6743146
8395977
1883
75
384547
2569
32
070
9110242
471374
97
86
84
2699
721202
5535554
0682
715
344678
249
6744452
43213
26
299965
99372
83
228491
3905910
491200
168
80
8278859
7899747
04
94519
94704
309
8509
6434370
680766
49
8175541
45478
87348
49
7563
6235899
956
364
00775
24
2973
6949
0874002
88734
40
784
4498
528
553
84
620
9578
21704
1061089
651
6328479
8137
600
742
5824
3005
16131
1377551
591329
924588
16526
78
57914
866492
85751
2781
3160
3780016
13357
412
4826
3453661
6101672
280744
6316661
1193161
3197120
963
95183
95134
046041
31
0419264
69964
8354
566623
1590
73
328
349
315262
7765
29
924
0601
148
91
17790
272967
261
8185418
547555
637097
17786
080
6616535
8711
93
1340001
9955514
734552
4893714
71971
5254055
170
94
45
8030
24
11
135644
19
4353464
87206
3336
54
093133
393
57554
62538
539275
70379
2286
4717813
562084
03
364
06481
049
20996
5919
72
775
970263
742
2920213
09081
26162
0572278
3338
459
8924542
597
065
40111
22216
72
6620
88980
64965
670979
24
7217
973281
47283
6691741
164
6430358
6255
6610443
3731830
46710
6990337
8253283
473424
648
2346
38621
55147
89
13700
692819
950255
11212
72978
83918
8093787
034039
93
32
812
328
51169
3601
5878
972834
88
8349
04
4272
3581
6953
63957
56
13
6153
47127
26847
45614
26952
6846126
1713470
769
135
780160
6635
466
7571433
1427222
8897087
7012
9931352
6567421
2072606
3133648
0087541
7255994
960065
87087
239
154
818
014684
903265
9639
9550
52
6262728
7045203
222157
087
0379
607
9113005
97
71
485
05871
6280
32314
8137836
65
59335
569
5368
3080353
31
38298
4194428
2402651
1549230
10
895
00
636359
556
400661
416804
211202
81978
592857
19131
439
96
84304
5006281
537938
7761
553
2538
7834
355
860872
172
3307409
81
4819
45155
013352
48208
75
0690815
70
43631
6140801
5474084
93
517190
8014746
2690051
30
82642
58477
145
686
859829
0476972
2099
0817
1621
014
7494
503
317609
604583
7907
336303
917
7420
033148
554273
124
983
37007
402547
722513
55844
57885
8406069
73955
317
7489
75
15
29196
681
82
45
385
508
0132276
189
292
45
0101922
51
3318884
075033
430
685523
9189
605
2712
6123128
8859
88203
3175
84
711
7402836
5139
0435
7503
46109
449027
7999
100643
2279886
8848
32
5521726
4552771
97
490
03447
61428
50965
453
100106
48043
2166517
826
4472846
099
1117
1603
152938
68388
207023
948
472261
313
18
984
9685
9855
8459771
2136094
165
8765
807504
6361
8705176
34535
7734037
052220
51361
3702885
9992
08
822
0265329
893031
4640665
5025376
674
302
785
1552
0123313
24
335361
8079043
0823138
105
491704
031
70577
963909
50994
68
4603124
09
803
3344012
44
00
791165
66
6704
0225292
6533618
044470
3612
5815054
47
7514
48663
36
54913
74049
858
05645
59926
772
670
37
931056
735425
10240
98
372341
7227633
68105
4994735
138049
1484
112611
8348
40
0641553
4739
504
266041
7346
33
3228546
58426
988
8144
00
9810028
7823943
03
0654
1180
999633
0508
0463300
03
281204
57
10033
425
424509
349440
8563634
190686
990652
7102492
14
331612
3339
8427
011069
75885
4172
73
77
35
478571
718984
5132092
36
171487
12123
5615959
91
1352
367
584
745217
8884446
358
91193
9506862
35
4132
59
45704
909345
161
702
8757050
8447
735
417
10
066
007
460338
98
65
12748
0452
988575
5157800
27
73907
605
0971063
69127
8660
0455
97246
672760
8647621
578488
021
3849380
142928
33169
315
55057
20475
7955335
59494
57730
520
80817
16
328833
1703
403
0437
265
86
47235
44280
063609
70
7698
8574925
2833631
93004
1890554
30
696
9811
8567
867724
02
069173
6806
154275
6568149
104
11
4203822
63246
948789
10
1913
58807
31966
555387
68
3676
1365905
1941
1567973
567101
97221
283
7814
72
38386
8199
41
09828
0244622
4162597
40
1543989
4364526
5004
180
28379
7164
36
45414
327721
134646
82787
81980
6142
22
85237
7964817
01182
638
587
4013
579
17
475
4414536
0432
828
5081825
8251604
3033400
563
02
614
82
880011
58548
57
40268
264051
89106
0408
1943
9488211
0608
10049
478
10107
8484117
0947
502455
1622
6006
2621
0274762
96
57
52
102708
59
496912
11
0541
7586288
4641107
592
171
5198210
0738790
847419
7221
3465292
929280
70071
430
879
5118068
615
72351
1247
662575
60076
220
57172
91
24
3455143
460
9817724
434
4164
44
3719
809150
85
525
4402203
4926203
70
8644
838224
582
199324
8136
8183387
95144
2008
769
6787
2659
368
785
59321
48
38
33
9321
19
126
9002
47
6948
430
74263
579160
80
08381
07224
73275
008370
48
2299727
810440
05457
72
065
132916
1736201
9198372
03907
6495931
061817
48
774749
15
61
93
1611540
79518
910152
816
91
01067
043168
297775
094507
3408
371335
41
960
3880953
226
6350807
31
66313
565290
67793
517
730653
304426
026
210522
662325
6469923
2120
5641
6461
622
766497
648005
0356201
38407
8882
6352
443
39
8101297
1644
224602
2000219
954668
05480
6793857
1964147
8941
1294
826
8944
97
8295
160142
4997727
82
25
4074863
2361272
915
605
4095164
463227
064
628
4169287
89
48
75
943
9657556
1759807
618683
688063
984
5559330
340
31
50
3608
4627524
09
587
10225
46
22409
2099
7018
98
163
27
3478
171
97
65699
7723513
1646
99
43
5709
82166
562703
55
8202
342
52470
719967
3189426
18478
8933086
127
679
31317
7550
37
839
414380
3683
3164
210
829016
4005708
2133719
955
289
64233
73
421
35
793105
5881491
25
169
408
7267642
7712
8030
31754
98
6673
804109
3933
7631
796655
3247982
