101
8
272049131
39170
4
00694114
2
3030813
2238
8251283
1437143
0671187
402598
3855454
16
376096367
5939
5279467771
6
0
5730572
1
6353899861
5737046177
094792190
79
4594592215
7
698
84556
0594846
581
374
4271339952
2660930
15577065
761633
640813934
5739387932
046651800
3
10208468
104874921
845259852
39248265
6
9615942362
3883
65
7
4938640
6
3656236
698057675
3254
6601981
76
8
6676
5115522
399
5093852146
48085
5
83491466
0191
69385
78582
87
1801
662363
6199151624
973152
192
7
24
7738
0
672000
235780
90365760
86
715338
74824439
493979269
0798757801
3309561104
130232
2767
183
5551
371747
5105
0789244550
521
0881523477
23
1
8782231
8829556268
30024869
926614775
2459258
40
0
9889116674
04032400
42439
052991501
477360060
1250
349065
3
2456
36298
446144
18927
102
12
85044735
72161
2033515
5
887
949
067
027
0997448
14257750
67
76
465991182
1674023767
7863169
37
898
5570794
77755353
8760376
50925
29810
111382
2457685
05319019
951
8
42461478
85
081
646625477
4619189664
5091053
934
24076768
2681821
9838
30
9450
3734
11071
7546
2577724436
761342492
9
3416345172
8229117688
1
383124380
85905839
6
7
2451075084
8745159
2419228
026581418
472361
4698998
5709291182
651430820
424830
0
1487152036
9317079156
04766217
716
45432402
6332
19275
7
15276
4274493728
8
52130
9166
7242410
961330
21472186
45049885
2
5960131410
82264
41237847
12627
90
67
8828667
93
3713
89
27134
95885896
71636
288
64
78384823
64511491
4
910111
5048452702
406591
7437023
38
9
23020812
261239648
5
42
3006771
5568
6
396782863
91
94057683
380917
2564738426
697
58528997
527795
1578933
03198
6849
9
6
3820
1
15151808
1
9
6700532511
21
463600
8
5923
705
5485077890
0692361737
17627448
0927870
4
08175381
4
5504625960
877311
0754397942
245963959
5749242587
2
116
3601972
419165601
5551087949
326017
5976
5444971551
830400
84
408342972
21906535
6487
161458040
03657
42989360
808044
5323297311
117
3730
84351
6984
3433
70
4
6
92733297
7581
257962173
1
9
599
5122986813
2
36439153
3320
8287
3880370
9837221601
50390
9234
04
9615149
402267
382
24936938
45193587
913485
54206938
0621929741
77
2
861883
6938
610841559
067
980
38233
085946555
899204085
4
0983
062
3
1192406633
6006084128
9913
22640261
8
2371107
2714
2249
040
160
43667
8001850
51
653
3272
485270
3605384
207611
1205
49152337
8506
48532
8
7917598
804344034
9664
1
148
06635330
32043639
342
091
46
7032780687
7377564
4278796242
74
176
058164
6
2424096962
45187544
35264
8
668079
8
9433
9960205
6581662464
4604263485
07
2973955
23
628159
0416
586769253
4711245
7
530
42413
3
27173872
65828968
09383
227935
5945
766
25742
1969890479
367812998
1165
96163419
440437
18640018
450420659
089166747
4
9468
9440
975942602
616978359
17
915701236
169
34954356
11944738
45793004
648703447
74111
863515
4326
877342318
0
37320038
58589151
6317177645
5454
460716
2635356459
7112
525043
132
727641333
149
68045
07797
5719
81
82
86131962
94864990
35998099
571923178
96277989
2077644
19
2261
6
189723
843
71864861
32468349
2681
65
8174729
81244
461028
7962711
21390366
6
69195833
8635
074840948
10474375
88590
0614
21306
46
83861
8648
09
7923533
634555218
54
1181785
342330
562
4142
0
76
406
11762430
649
283856042
61128
76
8333604905
58689
04303667
7361040
612
00928553
59
1
7
88608
96
1638485
3
7131864
863963470
39
6
2464112
88
849368158
1869
3023648981
72223
3949021046
88903327
64
7462113
487
6
07
1948933806
800
3
91
113
012
898470
609032
29711358
31777
4835
0
7174894681
25
63959
0
73
409
176291076
4247
4
249938025
22
390
850
51310618
19
5495
945540
44
1062
0213376
0647
7436841891
165
44792
4909616
3
354944
0648
567340135
583
3452943
9
4
94362
40
0877491
640749
43734
886759
31
7951
9
486
7633890760
1
353
1051159
002240126
1193922861
05
1557376712
2
49
5
0172450587
452562600
6588
94448
80121585
82934
108416786
1219755770
933384
7
178838558
2931829367
315400293
48
9161
601125
701975205
8498996
0481
630
94982326
9
32322
71
54
76
0
3439563
6218086
1665186
82099663
0628
48
383624
474850152
3429413
983
770
870981
3236042471
13779
47037129
6647291064
7778059
317182
292804056
26035321
4112
4254996811
4009843
943
71
6
685582
38214
284898
1605566
0175367
074138070
5700183170
011604
407476
105630995
3684186
22845
53369
5
3654903
0666490
072800
329357507
0232
37494537
1856
8
852
0
71532
624824
5143
38065712
9400
44057950
98
3475
749218
3204
26708
8821
9
5314814
449
637
771
896495129
67
1637642
5112
566141388
2751178639
358
603695677
5084959625
74
029
0
102
7888724
1299407
9270297375
988250
563
90481
49377
678298230
2
5342
446065
4
39318
8676
7672157685
1072350
697
206044
5050580
9179070235
67
543722719
0343
19803130
52408
3128607879
39179604
703
2458325484
7468
89080
923544
5376162
1611403
4988449051
6219
1
860
50955518
202121
76
88
546333224
52190127
746725249
5252
25340691
05
89243
5382894
136668
7
348
709
65
034210
433442767
62845702
3
865729333
7288813149
18394056
09437524
37524
9823666989
77119164
995387576
16478622
332828539
93857
24424
06888005
54434085
0
74264
833
4432571938
2487608
7709797012
499292
29416692
287
989449349
42501828
5609545
9492298618
6515
3
7280763
5676006803
7299856981
88793675
445317351
16619350
655
27706
961298
89466245
4782
8187
7
7124503
22346694
401078860
3325249971
61494336
301348805
297925759
691802608
0
101933
455782
1917830
827105
20
6013
2972
18
8925172380
93304
522266
168695275
9827
1
222436554
5
796
7072
5291273233
8899686
7222
2
91744237
4273923
677236348
839
116445
421
4660
0965367
511591679
31486299
0104
2
260195
30644
25935243
74657
884689410
6
45519131
5342359
65602
52751
6905
002665
892
0758119165
9
496
3829105
6
06203546
24
5166401471
460461
6
6694115943
4728
979152
890
48237
0246854240
876208
2879564
044837
832752654
0976
179108914
431
270273165
416
50
720528833
055
75
38
569
379
560860842
0
1
04857
98
95936089
29130
744653
84043
0283
9105956530
62947300
95
9369
7
46736517
1
1659432405
6
352110
5435852219
877
67
9
077
4218131
50262598
1499
82592
020
639189
4464905
1229548422
21469
753
50
809082
93
700097154
629652
18
095
8
942143494
05766639
472697
8
87337
2830007
9768268035
79313
00534338
01
51
827310305
3314
3673130
60792
691950339
826652
695
609037
4
7035117297
31987376
9027
526409
7723854
690
087753
3259714522
43022
1927789344
9214764
5928767
6
05954973
6412086
7
709015
5677381
67
944876112
520
4
4087
58855
502226781
974175
998123094
65633
3029
28849
249887
3132724579
5531
6795204775
46741
9596510
6247589634
79
26
391644522
87
04000118
47
932
7553721
62778434
179231
482
205268175
965758
06522286
128904
3858
302459638
4
989863301
9887
57891032
8019
