7602674133150235
553680503230299
9176418723958451
49386252094796722
3422989547772862
034138059051886375
3637557168525232
5190421771802944
241026021214142
108673379642211
676576775221179
186834502543516
474599259735967985
129087804092182
83124173536247275
136413220098162943
408005700734422502
6980862898594186
5900293082937027
157018428269037
104857187545725
479701762369587
390457613219714936
82916332324791040
268145488768215
016147031726792500
218642814411140
3909056028135472
138635162985047
436553732816775
2033960415177749
8990882320392587
07932404033618352
06485148214476484
809763336485208983
889547507105151845
3026561379542043
0976483904938723
166209971374166
388412039500059472
9060109923412124
6823537815013712
150742975751707
0383102590252148
074435384363544
663519996422327
0971074261941291
589968776652717407
786072543213163
579240534536175751
518263120185459854
13457681391522975
7112194674831626
0791426258524111
940258307623220033
95918460723761014
785357278224907
1644260992830120
75302403673142239
5042570992739758
61470583301526806
8784962648967390
3165770360611629
2883903326217402
97484027109958958
09612677109300263
5682559520915067
12606996080300162
543425916748890
8126293369960545
33116509126481889
11894944275505410
537149075588203380
988204337340922
29199070358935741
4375643861626474
870427447671951
8607137352739082
987137328922087418
443444624923076
486078175813433
878876813822418
589094451577617143
6300526012474596
076281028146178
37481724854203966
848526967171198
441270228976457
56846547400857526
333729894727344829
07258150372375698
55088712664189979
91814299112772125
48739565867039769
835974327592914
083856164361852
7349798528693197
81625632927931022
118136189476803
091029553399946
99402998200672516
1063661865474151
8771634395811527
441835773004410
00539803439480500
1509834404949929
867018385072839
368323497204243818
25934540124544884
2198030403413793
1627120960500459
785629444852744963
1292600231520883
98309743996629493
472781099680339392
9744591558372934
895097271354769342
6803692821521088
002639947418774996
820422315356425406
9365559972491645
2559497914779944
671353658845398044
59592083435671531
58022990110655061
913161361297843327
01786829671003288
247431134657928999
558142507770541
3775176924438563
2798712537861755
520732373371069562
471004980038043
607276802308938
03532924168227429
280164884313707
59118651005393784
03270714983256381
04943718164677518
469714402984425048
88648072936991668
7288612013012351
941608407982027
819036284131559775
895892640887393
375340184982697202
82692102468958491
291297725271691
103676121537339
70077809198536182
126389860501118
770479881462971
666764805164719
9545663149523709
717908055751203
32990459522097784
4810177749260734
77787364863128526
8770094709189897
7948406619907220
89320416869997763
825505961745101
38818298732873130
582934931368606
96382175571493741
45531711924212608
36580640916590074
83109533353730359
9023204622701593
580286970693341
9312510788295909
33618358253194600
6032741809996806
7078569289086676
6046458742657900
362368062945292143
22996117463547581
209167916379431
027760034068628400
820670068291648
68120018100470340
84846575292490423
6971957447773699
789402856453988
075264181714366
2609817047281142
7260231111214532
1661865631345868
399836073616249
38801495082146197
983399163469600082
21657736849600952
743022250549205
066918488823994
3801734599128256
772248135738775
6428163710027478
951517420654287
25670467804565161
87547785732374005
531953502798582304
41438468897350691
986848568271932
83331040002474153
899192231721840
0638330768279035
35316734014365407
924383290905808
7428136243590899
3435067319478331
515328622960901915
200852881086522
349085522261990
36089654209190824
394770810628226560
72904627449050687
39677275664912359
66054258184057238
718671293751967
931048385992390
4750274364375633
194828654467094302
547050535414561
254224189846567351
4086609226239127
69216959270846709
040618659516960715
715255702342891
538267169699684262
9353997983868438
11523128616149017
760111991922725
4424380282637413
7113840213363668
125676748115983486
71596657753484814
04788408810439953
08447993505641503
527106848207711
9182349068740424
7385526606399409
2638738341494256
864351778513766
34776858367117999
677049148039010475
5055753443348084
437564529013522857
1320644836100164
2188889623931798
493038880545213174
715614308612510188
31795725202274221
757776244026385
29714668682520939
622725376873177
338595467949547
42274381088906880
68041760562786830
270907678812983
01297010478874873
712879422967770
025635997886487811
982593754098349
30012284873109124
209373267690943451
5586248315479863
24353198685378909
31248868766759082
874048087724941729
2512142602762569
92791474035741922
47974801481747810
037235481550070671
20586465639451467
8813499160627689
60151292133835590
616360608148442324
157668462381680
40954382931838989
189624643300706
404307890714244734
2221390464092831
21771049221031648
058277913139026
04705801609534387
008148419968518956
090715708249224075
48988764082811966
04766440956853555
75008873616498223
837270584209550730
65211459986651146
6606390338139132
177794687248344713
956990525073074
557167938241730
292173396293671
72647906276458060
9868977457048710
1355674040224790
84214854946628533
796181597364764371
463973701717280842
2902794023551788
2511153278782785
08707612465733699
91188950239811885
451894888013416
51650103322053443
135289261350842
14611687340522407
984010487938242351
42733534009567312
74984162959410198
274731391202487847
3917857963695632
060872078348379114
249930411986573
1756987352543167
1722967627276144
74821795011922381
6284781193075884
369649780001665
767597891758456
373307271886931926
456347384552549027
955702025533431
374840982565278356
745031771170043144
1894470723169836
668954356173755
705860767525192644
6817512587743060
000087470045829
51008366653596640
26724807324767293
296770072623914575
877699520618925104
1540505116979690
025801972366795
91094979461356216
289534985411720705
698114995073292057
9722486062298220
4359594982372823
692756639199661
854711317509424118
986159540677369
640686479931668
73040440171651867
417820280610168405
325484172083332
685197606617593
18637828535946075
4245543343383873
5176921360672601
2361154169853100
16000617952538877
95433218676363692
5131167954441239
8373485347808732
3286153871491024
886483093740446992
7174433868925890
378672588753433
632221693752595
3108551424656620
14292048064604742
870635369974592152
619514474606459
147808993082526
661934395445106
774389077183608810
40718291828960502
6866358917905935
86228573030862735
07468198634749866
1970025737463708
56490518909541609
103657403046096867
055615465909944
65084672825220007
151458774671038
052277172126637
40162095076191419
086905137162917760
748217594036770899
63799019589407587
97421479663269597
47150112299543906
292164891573429287
4591861800843727
57718897819712926
6057426263893432
595183320229702
19408311625297028
222432955801930670
261910481966001134
441986586519176
677097197267791
225894956074847
503030588137072170
12817446948704652
177174219060374
265523453961775
8419167759483724
583491943987110330
76011951312126125
77283978890274198
4786736497274279
252154636290970
783755983904825
648092619691502875
224811197795891099
76904037497650197
928602045219742
4196135196615019
9450972002482877
260672147279140389
269258965646348
22725028694842274
849116279194847
59749253747459250
56599640887216509
750624607113787
02814142835049359
001832882765113
67544225915810114
81682632118340757
4530015847131383
28220626116954274
4594512640918897
163775260678670
7109216528948518
796941117166301
427787324859728111
62246664001446111
268083978764692538
319866308099334
829257832579630
6227904504858230
201619064108453883
665905997191406
862509258310587001
4852018008715376
426882229606732420
3400972863418497
219427277304358
3909619726074544
911202235132824
08744334274855108
0007106064654835
54165580079943843
48687382545313811
169030352045851
1920957423265883
907680766456645082
60427405992360042
13918417815808843
463497164173019
6613815807078333
244348562329100713
9611924638968176
976243623172368
314167550040907
689214465482352
58848231894808055
173222512760338
198449588694039
787658784781237
900034005602138
401560963343873
16365537085959214
138185297833053
317182306485702
848091061302155859
246584190171575
388182215526050
499330898788838
6491684098666943
7362696866896606
4667598574862436
330461207548672
9034738886947798
16792205332878818
936561530482336
697404234814769
5681911725144080
6513344021825900
279754235465336381
659370624352553316
4219485814713036
851042915010522
1450912794587745
048038035259681900
261275374145240
4341668904738554
98605372241428682
794274912728238764
06586772247601940
578573412708428
232911496428090
587162290297620
077963362976241579
310991773110427
98055546730906761
94252813089904639
0713819352896062
0742794523456917
067767929409233
003965802605269
55143018950108080
06502014107006952
57225598787259392
845839086339289
851986190601255
67434241902480822
73213335622768910
9173411358146704
749487407044277
39922856761010727
953572157398067547
873133685045027
794660557733980
497280553424714
16285437009575115
418922233490895535
674473452988373690
6836084638245512
03039466184217086
771126040535556
845492195174597
10924924386083548
202348799463231
012143599944382352
82376752075782728
919418837853923
81472338535117249
382680809824165
6224604304878125
760346366968562
2681332006716908
459137041950016993
528002976938736
332131022959296
294580723009961484
614520679872064117
9494944123945775
006600748143183845
50020386638182935
968513973690673
645522303331309
314753671684888
90535006175741063
1056010750582315
14940877749288932
413892828629073
788650239111919016
316395649720994
137911160854320183
944990577828953390
913104718910905404
131635674073015
860517595160916289
9651634522971402
83993499455702728
508430064923003406
628145408344479072
46492602997488462
0135089421425677
396370079683772467
1888929098655924
72475793288772254
153409775766113
748061593659425
4614397023235154
636505919662115
79475263857617698
322419910013946
739433813257867
2884403967418646
071075823459857
905031452786747670
78534124004626353
661849592895004
60724472206644990
217130348631935
636090519361004786
9549983392466556
173785384996425
1919174466057733
79700271693040478
24676651716326810
99678914653823110
322976325886360
8550268791880031
6883484425095799
627792716040092
837237532108656290
87848395753393952
88718607066764471
21357807176121664
6091459633128659
8850777230054735
2355766470006996
818942019974796
08725975198975062
78060719239953465
1794818185145945
437088046704247
26384375919110351
053064628516948449
4482277818967831
396151852806124
502299343532173
319722529494799
739045388722639
3899656375079572
0761162597814992
285903568612167
11803321464501189
782209950560910164
0854897185703705
583529949871139
4274211326631514
594796072897645
7859263143367081
216311127280175630
43812178203544085
8936874849009715
908433476437398
81245717784293491
313967165423791
5840175647768893
239672117592680471
683753780630121187
8235920362201547
36649546993704017
57606112068355237
672284036949958
6969132371672882
195920042176074558
128729687100979228
676356191905622661
362553573547373
46926081204656462
655340923491262
128448928436647
647726622054229
1267682636327801
11294374335672019
2020341100884947
743220004747953625
01897297069519992
794595546134833548
17369388056587021
952821025015518140
44472401872414110
96994419487222432
9300780641125491
7151302614097393
017698527068843092
06897900943967365
6051373248109782
666762167923177
874387291160207270
05417207169460437
759157113216172
8736795741167825
140286733701712
673605112076066
634908348961627637
502209300913775
73077434344125822
03133304837462748
670030631792833
9731648142225594
47400898514895693
29656141591282827
1604372189906760
02007324053231713
54634659809269253
652152239360985288
636083564661946
058273590304107
003690656172651
530256805220679
48024860883283426
656449368554108
822290405253189327
132946629404424
61588398231733714
380490274129167
62403056430072635
087978596081514
73194384293591771
4246216280058298
549923950884872136
223578970766533011
352666248793446
668025852590674003
436565089520383514
72749874590417876
853750428364530
85859566476382362
095680042443710
0546433560839663
8076061054869150
292954621425888424
2564769595811641
602716723851023697
98621160587853502
49036171514032863
827667013113226
211334333146506
667765712611314682
5089935424743791
4778097798306071
31676976300935239
147096678375124766
189963608278417503
768187427790429734
5875269513818419
67099637127410160
9919977286363619
362686757431939294
160884605152626
315153454591155
0701268820043771
713806461832854
57273713448398799
391696685479571
02064432851854601
798920638523916342
216695428849540
122520359861080
88581978473786200
6823000175897020
6636999519810006
555691646952905
08954248071901058
05005310608088437
85935896126672569
895001961817300526
101432050214111139
559680842766010109
068521061026551332
902424324396155
3621362743306359
0134124331166881
27310297433165569
555880045153766454
343892033245157732
63836702087214527
025590627937820
4334512052451935
94597026369087958
751147786959048780
7532563424958603
9933117220141389
16862030231450501
4388479158924983
92348196459413911
76868347156899512
9848925359128635
52669181682656041
13225039704494027
20655201568789048
6509423645669575
3298959293220097
775253209903531
670381362083516986
614094125584012899
598228484805206726
99955973754147447
3866036298633227
569367516276908178
325466582595195
24915777462129983
074685509454733430
208738697389048
499198338642590
208316594912579
267526602286161794
612293690915648846
49781427783244741
0934394159154911
499142239187323
956248493843601
065676995443563623
863286070809341109
78455949988100735
979195931834361688
940338384510383728
353798262844530
9090488163279108
147664012857569123
206142938251650
224372289290689
556717757362457
8544332951713483
92144173783553807
53275375867204885
2222793674049953
7277936913824571
532300925011450213
1345111928075765
3876197508055771
64864166100473667
078999626759308
788615338922486
8392278259493094
701710054510895
2593637808058420
423058370008179409
990329162553315
875975774788712
066973850688049
01036820534842500
6059428835073672
51639670954083522
21767450183051827
39722706339338516
8250503726000287
285117909168655827
56159874554008996
7206698823107156
062268812750155894
682318704107598
97580682367888624
55524462739650382
6105410671345498
91356296819980497
096889834021288
95736414849075175
313813659942136
252904995738510
738464727497570273
44132912597928235
1727414047948780
245797271023971943
762011426291914
7403957023022342
26527123672164976
549088297228447765
13457408889102127
31104165668023179
75901301301647818
0688572961521436
835103843447225
45652170881464397
829202149795295627
96801135883402214
377363387882228815
276934386192489
478138408241604
6890857302432042
679550384661724073
91904833023100814
273453504338674
1833219232525956
987250452514862335
436987011186872
625670442845255
787328411847597
310934449228524951
736424850915057187
482217771001396
005985741249523
077980170457367
410840355953779586
3574511700959630
969773165433107
908400399615631
733660972031035
139641476723648727
901387095794984
775700721963647
870040326805330
39958875638835232
0005156929004745
7516397213231402
047873581121329
754962148849416
42956854144617540
524423756995723497
7047694468988584
839002587627333
311786407442848
770267120222059896
52847265763456024
75444270676864928
702669651644357
86139975900736056
092801257455798
22149890894470205
270576494441576
947413713958200
969816140909530
738538952718669
1764611110785811
11070166224072478
349817822079356551
278067377236794550
445778444122335619
337357942766841
327999843018886
050211148783986882
180090274423934
990682856548328
2585923367176375
14068867549607654
652039707264899905
779873086571131
4692768715485572
107251318948162830
759964638795836
332206735164160519
774965467607365259
157135802305221137
6998715769474968
3548486350822556
1184059787812368
757518188796830
949954150748663
156904598540831232
659628471380399125
0131180960985696
0814450105308675
14776987985750371
852539193526868
37415408112550429
5238166756412162
005945109880823
76158876998319719
219774410111631
4687193590758390
331614954916385871
410667756680035
023418162373727
978380469663638
41539634175608653
553595894172082
02215051834236027
38222816625786006
35181913913975606
116751315913012288
11494467034568661
35224140852086515
2683319891037687
388037462626099279
163712436454821887
4067320315934011
8627797646630339
6367885637042787
902379602375508244
1750623287051269
331075371677764
745540374786055694
19933505168058987
63395175427085317
176645901604163
60801492028557801
37779168359505047
241828121708058
102354108807270
80489087638522772
80420542467235842
553088851763505461
74026359646655740
840956261944667546
116850066950664408
12191386515071431
832139308877396889
092357306891157
54814192550682918
765255420564865478
573184246197886673
4211794415197422
791038214801432
52975860081942516
13552791920642023
1218475508326574
999580694318268
4394317127940331
622643803865089
86724213369901552
2016385064929228
58364671048641884
330503671101094
82041865659985733
45649703049072926
57478045318625274
247510421561454
321266640875117
0203101434605787
67801724354167628
673817337385795379
281276085485614
349862099390102624
