21853261373357436
86721676353402473
22901739862890951
41836485129896971
37467153499361127
22496579666324520
70105675568814400
29413143910903661
43454866015401093
17919034580147091
62088545607176118
46998482714953670
14824991692514212
63789363528653851
64659312691947994
49754901045336774
14698349045219809
93654553713950814
26368022500600201
40423584280474734
08323343901136068
37350678729479322
89398957594323572
19815954793275253
22479470169913846
68452773537020516
66546850288385290
39682589050758179
39510230681091757
16185193990724243
78741085487792650
21281071462438810
56604626271372928
16809084225196157
66591470723383278
28452935609391736
93290992529192223
75740030278034011
24671575754140549
51359489100196770
83044996060215223
01009220085297957
56550711065398680
84857912274577079
68110378702906649
58462577475242362
14847035871520537
97202975595490006
70891925406379265
20576439278084107
30344335409684091
40377092252145400
16758485228107080
92383183879685812
52291788199681898
79002620900220599
76611021204559419
99544624698989995
29783780014263056
96930958586080607
25450817037988679
75943056258941899
43239405022301943
77973475549139608
68166782153537661
92476223709133491
60320287847264666
44159206705785831
10995818462129642
22306417091308290
01134940329952098
65630525167969835
39039152623269489
73579832662757418
33552710173803776
62015016092583040
29983575802081201
42659953370588723
30346291634920618
22132584876591125
36520406759443474
95157519514340972
57710162693725460
73327174518020382
37700485796335968
86816814994909379
50181675792877060
45088328331375572
44308535388277898
61971011404300417
20169869604158034
70773414652157245
38048986987120042
97714426279753007
33709835471585216
45298787693451869
17948376290876916
87262539488829547
38013910994546954
76230197554799812
82981628003596265
29522650599673368
87113847400128491
52085414382532201
09411258659972170
43096886797191691
99812704851725706
02730051710571892
64766245918015283
95581378202999593
23465704763152268
76918582132741362
01680857428343389
39560565101984027
14234993859249172
54187320489380860
66155783730008072
69922436611921862
99597299244198645
98470968513337911
07959431433359495
36728420538992778
91958496219648011
32708166401571931
93947832748778803
91446848212000705
12394763484142909
06738501997160973
91287069711364991
35566602111858834
73719764589555980
42899311571400913
98830404318931491
77333752803844205
14728044811726149
74192631781024157
85096808867196180
00186622643377951
25681836249952737
23730510325515231
04485905937020913
23398051818908719
93894299417481866
49032299259429416
82734708213213165
95846626899834544
44648149921339861
90513921335950085
72475642346860488
96529092848311454
91013989024510492
86859037166405712
91242677347667465
28215820240960411
34309113101358640
41239275852861649
82117820122311992
79275518650619645
88982714815295713
39894895463037770
52649583515661104
54319572234233597
38579848090316505
95111967476274277
80289384983261931
50350216918864117
66885934429065256
76863039879262740
40987786196629093
52383629266867437
77719259391954369
13815054674966971
31072741091012222
26921571444406399
74160298787622552
12707934773765052
60900600469162216
75763893182033114
64187647325912631
00307095549167807
43926507136268536
75530096521072557
51743186848784330
30339232430309531
09378225058980858
03402245829037158
06327314216170102
40901192332290951
89484901232002764
74197885922506241
03173391153168360
69529431619839439
60328477212815028
05935186812202954
47344213770444709
53076364330851159
14921754108907482
61559717590512155
72606340529296413
43336171127122374
51739180093814849
65151424599547616
90802773264538956
42511802870793008
38596271465404622
08001550050055393
24452658951399886
59727336350433935
98016618692295098
45604772108278518
40122728685178129
14640327069054862
43675957169645549
47118023683803295
60434344997926863
55673276720269983
38955119828792330
29627683940484289
34202538019892305
59934121144921147
21230790694351460
21737771939744641
38781258088484635
44563434019444107
98127506486776484
88000696223281997
52643125360995862
75014266059769730
07776977620656634
99692196876589616
85743816836871007
52081658224838629
82187169896286249
01285977127341445
35496828296854940
97093987265791223
55828287935875350
72739600956420069
72208801687188386
24965631525908774
02648013792582298
10512053161817908
61189438283572142
26546148629426825
07413383326241852
06774728577974207
75404272891843890
18252360462183639
88466088359575264
56470231859448968
41633521209061926
61852300121551759
79345996670800084
74392011978098596
64998770554639695
18443064264029481
54247456343163801
91760235589151337
86118637841614252
48702719807178064
42223098998589527
55491181379573451
11472913702050649
62082966950460796
76889045297839701
12563166886810908
48259158714543001
72661194888416108
52415112851779050
99932092932311175
31823283780419422
34680490778163072
43849771676466818
84418762803120554
17762568981473212
66608748381973466
59302262881011585
18075520787119025
69320318208506923
01779415558494451
57578642640789389
48688056772639489
88555094287285600
05183285741945255
12526604119928442
59671257319044090
92802195862327491
63886001270634464
95581604005797442
15225138480846279
69151768639291156
19043210457229532
03512961097900042
97672573740231771
18704636325672869
57237895561767049
63620837799829354
47691753340005035
79572932692016484
64914641113915495
36372792435442767
54422245743333084
65325863718610620
45522755747638845
52100616529467464
82056400648380338
48009479194955385
54764159491645617
48427035759979251
03009012525605421
29558862169722227
11248014537928010
27360879823512177
05557459655381298
57334483896449798
08333142326163457
47560237361332460
65484211689398198
11650807424813373
63717593287373637
56422607423359662
92325251865561053
07544900887705765
30913705935297087
70824542163136887
33128647369951577
25309686151893119
42570496906002009
11813158285176637
66538761785754667
20294979830947227
33752677566373990
32165406333807795
43862201628509168
07606391899923736
61131465631008648
75557584512416931
64448314794268799
53177873816095495
85139621368569974
81779142677091274
73063573206919315
65486428625201158
59148318684887315
94639479267239412
25953942745397381
31963983445943584
82772423772463639
92907683335083919
86230086403188638
71371886492646957
63799740971920486
29400334446779349
24719566269140463
71615871881972741
31776465208945663
38257172806573184
05334207131107549
30674149797659301
44452499371060165
51976762597421784
84927980833590125
93628285504112763
49345031271790049
39840501526873913
49950542033816289
31192270910463346
10596004816117297
60239177479387771
17247307779806020
26122487205856691
19579778528831572
13248388571082509
95248076835578884
14371458330883265
56426524672743270
66551979983254528
81433900390570690
34525861960236348
10834382234146435
54384208356289936
16946118185014242
54423332475468878
55944506608454163
35965207645428194
68598195827491693
98422461364916714
92565758546976359
75359473562661380
18785480253008563
51010993058627393
72858986203442484
63958543428954461
20231808861678105
43707554454983660
84917891711275998
79579209919948090
87774710161347087
25113934351499507
13375672835973545
33712849257592945
39891078316118445
37841795359719297
82012437622519005
86890291216149388
08018907714272286
51536929512492915
36976147129028060
92316268628788252
37309840848749430
85279400300251214
38046131459700887
35821076687505624
72070192974375837
82983705495347757
37796968623190597
37151284815134048
38344881457715537
12725637742652166
43350350395148181
18017227869223093
49737829843015790
83722576877811053
72043080311598037
46180768421964053
72715069411212867
49006030051681870
34745119692192338
85496372585282870
32333601108042935
15919412254319796
63645760698089180
56834145306097074
26982923784112238
78658950483986920
26963143878264251
73891218775355581
82247891554445683
19806678456740398
82285291532337633
80354712308059700
55529702726731859
14589662111217386
78492141432042534
29747561146018361
59727752418569621
00651844788880753
04131573308817615
39352339007585058
94455234247025690
61580470241243321
46297794543203510
12553036328372880
75125931027085291
45417831847133841
00346051776039972
03662063098499656
40760626808074746
83863660612879409
96511941847293501
52051332297071937
41437334449018258
36584654515797379
36830413999042104
88376471320070961
88401636919410625
90310241734501001
66393919919898442
84485131468385396
81167392979777306
22010588537384214
55291490045714555
67962782613432879
02454194960498766
49091305464047629
76330841390885059
69909087810574293
01497551235705609
85542373754564105
45939238241081361
33400656749437371
91830415504709699
36143572028558922
75544613966670285
53544909296449906
69919048615220820
07895344153390546
93780964235003301
56537460939503785
81836947013144429
13392832465679485
99078423180630279
41085364173002974
78506237190144707
51582249167784048
83665048149279701
37337469156301920
59604902859328430
54535495413502167
02345683166040525
63855251474102754
12340352408456347
68327199492643797
92822502894005966
02922571867075635
43699013081276580
94202746660620408
96131115589066034
24334153365932423
76723013022141959
52052265465791978
20283252550874590
94984068950502359
64204241290581109
55664560103675358
72612094255998482
12558115846353261
24035254596492886
43895623762076788
81845212965706080
42041763384256992
12729309753640749
76110296633331523
55897291734597383
41615868486587473
70638670763956554
14497519165801089
80863104115684315
30311717675957185
99443829838457041
23503238949199531
59518953891967760
45254834915814994
76600073692364008
49146367126532891
07207031189049457
47548475649684497
78493166864949050
12440065328947471
89550401260289617
96705235715346410
45663637450033997
52577770750818030
52846145682790001
53447876032869744
12996899207210966
42673359673074851
65790277114612998
22324574133280320
99155537462698753
74197251920410788
50869579330190224
84369384138834415
52926023977586970
19243665924996275
12479062054901666
31700518114078794
24819435249732264
90745961738712344
15974835323069755
78384326188848460
58383331655051110
61636766699796025
98878037395005153
42000005310934847
49113490387179590
80014363022818516
47107479010888886
68295970130041200
84695827247549943
87838606444269596
22976681777223554
51559537879268321
62265560284291144
20899013892000156
98365684730296575
20369379346749575
02956008201349875
45229143633996397
94157206978652942
12001566904504016
38169984905058504
09662642894323781
40354440695902242
72535254337794224
18639125983872123
74432253880441609
04879937394446810
71121419982526219
67455306297386627
14972851135609034
41475255067491188
71113136146875900
41582795590911601
52876419531151559
29858341362514826
25347834237378699
10452085237162997
48215254816796448
96447201699839980
59636594047422477
55771876036736043
02229528157961133
56725866545420277
54862303893986451
21638593070176003
30648707657666444
51038333838910963
66407413439380646
20429748759290767
18846400176067507
90511621082214382
78259497004179462
36026793569502970
57809044139932671
30267138363291413
42835324137881618
07368287144302050
10457572126281595
78906096732866003
07183905322562383
24810794981283412
18592813952185059
79174616757632470
54176998623502249
59156185902939890
42118291258806521
90059557187497175
06810508580354181
76879629782998952
02542345848877120
63282563808537604
34386658808230358
45289125108498595
71299161877828342
17763187025319966
84706682817708084
03071485221579324
42036734681928412
26067249878442471
56599011442460084
40154477759180168
19211650634673990
68658330884696127
36330809692758774
25499114923518544
81408869490451192
35873905732585879
42278153918104027
90127964616472585
59201017883066272
03232792162834210
93709163854362262
77637276591934686
03882349139546056
08977988870510846
69303850488470270
58803581910705299
74021797774373740
72707476856373891
27503804412961567
40352099257201072
33248773693468714
24216898486642038
19613316491648132
81735453211326637
13426159715199906
06555806367173910
92323414710881515
96672913170803848
38134300578545559
19348567010167091
20181104211335587
63196945603576778
42097264450073614
83358423675363652
11755240817871787
22890805245569836
01427156018916525
00593257584259576
25533660232922471
14585245751106508
74360248173953236
80719940594856099
59607027897739521
22850551838904797
72723899477392296
78436974156747619
57963808242796818
45538592967304905
92411933960761034
48080845629808404
99357465953046268
20917974905073439
20647884794094918
49308493382685643
50003161549823991
73854418938805212
28283591478018748
72588864122615093
09709446062889724
50828845801374095
61730976931084217
20502447330499901
81042842867416040
49461625232666203
71619272184339904
29442608849115931
12907452338318226
62497081903599868
79346590845311000
11293721497573585
82730964677411668
66622773841466268
44764665396604660
69039701366589160
79231726552183689
23785605286088682
68245672448680731
66610296999963586
55246187613200488
88039737063624485
12333584951131738
36830988306383455
56799199792059564
26547467170974861
87308435221935878
08697709786550787
05349338878944159
94160923679421945
52759626344436503
15230992294703295
55432027865060871
15009788190995231
15384954177552889
10614012849070237
07397104881154154
58001889684095562
06489305765713568
73753449229653851
47532779266212502
83252610290388931
42948588528256251
92909919772550013
06798601602269510
77465064962773273
90160147163598011
95594774191227601
17673333284081663
30017738517708863
55744955418907763
12518658795552991
47596141510281407
08031162774887615
87247201408043897
16025654295439242
31777059995974321
91873255298226183
46847473677380212
55665756726993175
08921369336679224
05038031683040585
43350642970462038
62137315133965088
15862879374273142
40726285389094550
21315121863497442
65767161118105668
45560176523728920
48347990690277149
79976605630150534
05625914790822795
04972935319536103
89113112861922071
47565188500233549
73935032960512137
79196568010795238
86616958063786076
50434863859147474
22532901040808660
37269756636464019
04704105725539343
87342763432247412
50054806819807746
18673091166594755
19113958977289422
47419552008868811
36681639508541158
26071150204409664
05419771094357711
91384548737628769
45368491765033852
58263723701822929
43866671481843993
12009198990859915
16564041984604275
12661568830476371
81046243038886762
12645942648844956
66960167679375027
77371472373451698
14443021957968319
81195801338694490
64366100610324709
55993522520600328
00641142600133539
33769775190184573
31550929163718078
63515965615230811
38368135997283465
69311774819317863
89126353791389793
73801667469564760
61476424233869849
77909510960415273
82460162562148380
35320248692654185
13589367426194979
95961228179803913
05889931095571386
20689326301640474
24457804402962120
12933168607207476
73678452477382747
85791755611274109
10233647849058149
97216779272540393
02484000919666854
63061425461959638
23915030008983665
64974351095732346
10511226351208144
87096946485960376
63119553216961992
02473362369163655
58187908828281606
35485507690699645
49080086206927214
28182523562496855
45349868351865645
48255127873051287
44564110635689683
88641029575516122
38358652133950146
23636227788916532
48969081693042194
69402485253894588
92289666409713097
98421394644320078
45116456502204089
57180716858396418
08448760486232535
43117417591270921
48928282024879171
28955268691208137
23055389789187237
01637238629376938
75150785392246814
32720280996007277
31503894021269588
08785048267288549
64201774881702722
24041828166083063
69895567998867186
44667689533043093
59887376545307234
70745261692102592
23525563382881770
07627466849466402
36969778721129138
86389720270761820
61525711103144566
92762810625117362
00790243903116608
74696540201398442
19614329964246355
90281027934075825
34885937800794439
71576019214271882
55619138700425977
42312901274572363
62088736554498853
31333690218321471
98139242212387826
77960942549210125
14104714981016516
47005477766999515
76487311936811569
88291934055524170
71933461929240783
93764903289850905
68468934923234883
19856657350774847
43264499584173910
93566343488062749
82117958076719036
83820264055105431
98157617678340572
02231138764698105
62325109742690387
07835291389142016
09175545190627102
82770494896201706
18853971809255476
46403195480100444
67656257358220988
71135179029099280
93530775489308379
63458485891465772
36920873027693353
68455126684602272
50797075917027304
25873469114560118
41837946971452817
23596477352883495
98169167454034864
29332204324067388
91005484028036978
59315322067610604
43984546837116402
67892956158512214
21432642437243370
59553878612590007
56836599526140356
06162918738985532
52138348909444517
61751183992835632
47545077578891148
91895871612839513
27274403861958097
65841128136798466
65694172521358599
48708828268175717
61514743700932176
46442343373004350
99223212815831047
50107201158905270
64080496379664399
86008182602848023
89296281713228898
94466888464614973
22555408922222504
56919298205442397
39600353929620713
36460868296835924
11640183075915639
72540654430841868
34414873071576938
72488381117355949
31520651395590532
30374138820834940
12939188261812243
26335885267520105
66475693526993506
83893452665587336
14516748022624914
74097944120466553
20895758077650131
72850652716713886
85628112857178265
44269330710432568
53432196185376379
09605537580677763
39955678488050475
59184451012405210
57679725586819075
40534802297293310
92149703693451140
69762099286399589
14589172804824795
07634074645776855
18266546781037657
89963914600458901
59522220554543756
38870770458559555
23241221189662549
38828075878660805
89957942913863331
01361306328768890
36668521172985028
57146274255234451
92607280308297614
50456165054658175
73325033258947180
32891452940637492
00319443239638240
62888949619537655
50629679331861010
56078366580727727
16629907509583759
62246484277674288
74624819233311983
57559865726661025
33363132708702067
68047070157032389
31026314214192383
58378116385898741
93800808447468853
75942864461998794
06981483109786637
