8723373
0590358
5099636
8784901
1641568
6398883
9518757
1658904
3632321
0006153
9153318
0597381
5551954
1590390
8652127
5156060
2504602
4531610
6712777
0594750
0952243
0109588
2702610
9601169
2747026
7855349
4611139
6389843
6570373
6846678
8957475
7789855
0978671
5398620
8878286
0526955
3478781
7922216
4673848
9087518
6398645
7105517
5718071
1964599
8312859
3272020
0788335
4736743
1625923
8109704
4939660
4019578
0020608
5650334
3593370
5862636
4775633
3696706
7766384
7328669
4256112
5947980
1509730
1162970
8374651
1632253
4094451
7783763
8581479
6525870
9225794
8177291
0214412
4736044
2655542
5476874
8145466
2694566
4436111
7749752
7909833
7618185
4666849
6600339
4378126
6051492
3579747
7452633
9340236
5562860
1612855
2964716
9945430
4423711
8509079
3994978
7348403
3157734
9401495
2173002
6731733
2521586
5022693
2787869
3567765
1655408
2845318
1402376
8133936
0881171
7230548
0281358
6455901
4286146
1844408
1886046
0016857
1400189
5018111
3479596
0459918
0777455
1622732
6109364
7983287
1473476
2251597
0890471
3736792
6045670
2339803
2951588
8526015
8222957
6197084
6909604
1956885
9605007
1745215
6309840
9753693
8084841
4926642
8262082
7961748
0128257
4050627
7186908
1188220
3940213
4504783
8225797
5584458
2698439
2942648
2560951
0745304
4070077
6245031
5088866
4062995
2159364
5945593
6396894
7447953
9387213
5008189
5604348
0945138
9971424
0001932
0703357
5671968
9941355
6248635
8248575
0892703
6658186
8735066
3826009
3829052
8328225
3597028
2907579
9754369
6960938
2411717
6435032
0672548
3662697
0450357
5099241
5067980
5164454
7586107
9541264
7215295
6808580
2496807
8859401
9384429
9535461
0637238
9645942
5763749
0516474
0784768
6234335
3431926
4275372
8024083
1436840
4877370
2989650
3675987
3532613
8252479
9995620
2544283
1066006
6003232
7689871
5037786
1018640
0086993
8490271
4844647
2933379
2783736
6685272
1167118
9487219
6494480
1218017
9144492
5224883
8945731
2581135
0646196
2281122
7584510
1833940
2726964
2727618
0816592
1903069
6238407
9557837
2610338
4105912
7772945
9501879
2715423
5824957
9641049
0234292
3746438
9922080
0496281
4552013
2214917
1724494
1153108
8065938
1024894
3048573
2493111
1434875
8501679
3054123
8378310
4602590
1697592
6585576
7762696
1372227
2140297
8275918
9697105
6969773
1774131
6160976
6402346
4245297
2449352
9327287
8795689
3915805
8907242
2287715
3470551
8127000
9637274
5600035
9752024
6483247
0259588
5936365
3546085
7012374
5243255
9852978
1551265
5227696
2746769
4593409
6383734
6111307
4129851
0108069
1765468
4812116
1984729
1218467
2889868
9414204
7352121
3808146
3439067
9692055
5400242
5802673
9858562
6602442
9766054
9514044
2085165
3177651
2787197
3816991
2557507
7993171
2032051
2145738
5455891
6760326
7155083
8550484
1623951
4507818
8507709
7483436
7968766
5130328
8398856
5814203
7624553
5608477
7730595
4526344
9482157
5619244
3900898
0791754
1340560
5411128
9357324
0017635
8850319
1498010
7083750
5187329
2414845
5607296
9113735
9233398
1838554
1854834
4282161
2109676
4773220
0615897
4008848
6932920
4550247
2485629
9052109
7177470
6426826
9288773
5352726
3038551
9758907
4263467
6470266
8538955
7591139
5566902
9719610
2566208
1907266
2376521
1727834
0247585
0992805
3782718
2827806
0359354
7754071
8521556
7957905
8483535
4199995
3025002
1000289
0552390
1086013
1193942
4953052
9636018
3486162
4023947
7866122
4145463
1768412
6227624
4611970
1036319
7017250
5451592
8329894
8557382
7874150
9829512
4185113
6173731
9057208
6359345
6014685
0357098
1126733
7380378
1589883
1046228
0387970
7547534
7618580
1959691
5833526
3702786
4137776
8298292
5687743
5931065
3630296
1480179
5620112
1546451
1031121
5686174
5335791
7784074
1179268
6608829
4352992
0529330
4643108
6251189
5629062
5272452
7019146
5283123
7827841
3867903
1006045
5716819
9063314
9844963
2072460
3236247
9218197
1672781
9348497
5766704
1531222
8996517
7066958
5740339
7862376
3595316
6467715
7060546
6159311
9498635
8586002
2878562
2126703
5914255
5089754
8568180
0338487
2155328
1314552
1011906
3145758
8985264
4795068
6709137
6044487
3056028
9401619
6063195
1910815
3670910
6346384
7374709
9071223
2271075
2250959
3613569
0946613
9583433
5389100
5550405
1597259
8284810
8775801
0145762
7965969
1389051
1865837
8000789
2532362
3875292
7159919
2615617
0971746
7962974
9832976
5305181
3169036
8022331
9892275
5058085
8343962
1702413
0542927
7853015
8926865
7778911
9617405
0868306
1048915
2656777
5518756
7828974
2243217
7318703
9961943
2389325
7952189
7252761
5528565
9443145
8865916
0618932
0150400
6693684
1146057
0170455
9651029
2603021
3277222
9836790
9573826
5254285
0467141
4106822
9490429
4353336
4900199
5394989
9606435
8718106
9209587
5609154
0467782
4979740
6170348
6100744
7422484
5760679
2120329
9753609
0873762
5892815
6495778
6125741
3134222
2519123
7178286
4851317
8113265
4123967
8427899
6112860
9929858
6658094
8083802
1567311
2644664
2002497
3111298
8609402
7034198
9793217
1886032
0910631
6616282
5793687
5743189
6206942
5785716
9787868
3866825
3916614
5397264
0735543
5093141
0004097
6334735
2855348
0892521
3597155
9800522
5143312
7699256
4722731
5204286
5240239
9118134
2566330
2348604
2158582
6933163
9694979
4634595
0839852
8376348
0864654
3151081
9299876
3525560
7387235
9146527
0378346
8500614
0856375
7573615
1135013
1575354
5863645
7229632
6277130
3124314
0422467
0819981
4591611
1773090
2337926
5755457
8852610
9081933
8032300
6343323
3842333
3648925
2939731
2121148
2683186
7008011
5259269
0005311
0510887
4211360
0939962
8548603
5206992
1849232
3922794
5040338
8322620
3335022
0668426
2233591
3001273
5824192
3920065
7440798
3207485
0376736
2986990
3892950
6568457
7144240
8102169
3408007
5904330
8140577
9168103
7750005
1831352
1893047
8137920
9985845
2662724
1807519
2172136
7499517
4345495
6523514
7146823
8710941
5821815
4719243
7511005
3094733
1596067
5157633
5586957
9948129
9677593
6390414
2626666
7752513
4057365
6087388
4232496
5530003
6572241
7801300
9925925
2155361
1331947
3828889
8900115
3562004
0309807
4677442
8679241
6652671
7284419
4514532
9458678
5307497
2793688
2985866
0967050
5180669
3243918
7805393
6245845
6584410
9591150
1852538
2471521
7494107
1455779
5589325
1294551
1043372
0527809
5946871
4499228
2476084
1609498
7991701
4240843
8210799
7358049
0751042
7352562
9573634
0752589
0627034
0418037
6266169
8767026
2706584
9647915
1933405
3613566
4036214
0639725
6543109
5415535
0529181
0470273
0416025
9129528
7522294
1911995
7549302
5437240
4162950
9308076
8923165
2209776
5597309
1140769
0937200
4368708
3763528
3068118
3151498
1152763
6685695
4916347
7896763
3579831
6031699
1765559
6309485
0545584
9666941
8275431
0894696
8386109
6429614
2558169
9266567
4546446
4574636
8116934
2550472
0608469
8616789
7563120
3075520
0733225
0413182
1117926
0288549
8476032
1055925
2857314
8444718
4099518
0920679
6164847
3009148
4941240
2468569
4573724
7823106
5392734
5267369
0233488
1766125
2914020
7476616
9692505
9231609
7904710
0862605
5404333
3827925
8997574
5377195
9354667
5332993
9751975
6838058
4952534
4323439
1721368
7186754
6203187
4578735
8505858
7282850
2636056
6261418
9693290
5805121
1938345
8383547
5767206
3673752
2225662
7245774
5736371
9973338
7893501
5236515
1753036
1782939
4613703
7992551
5840197
8731335
4815150
9820543
1311470
9484728
8605829
7646821
7780475
6180317
7828112
8368619
0461471
8603243
0743769
8876342
7044289
8372446
3300950
2406765
5204498
1049424
6520940
0499683
6890620
2823621
9109823
9756217
8991769
1457219
3998558
2944213
5664375
7284570
1832875
3036568
3088088
6223009
3751110
2684446
7659893
1285840
9524190
2647381
2604989
2129839
2757938
6401378
1351577
8399037
8609306
2346511
2624725
9463345
2168453
7128733
7576429
1300558
3311732
6005901
8444554
5621842
5167233
9803908
4281040
2747263
8464007
6049097
7092528
4563096
3154180
3458937
7056229
9995043
8420601
8056694
9330012
6739836
8945791
8876779
4207573
6123493
6922166
8652585
4739198
1628923
7917178
2701490
0964086
2259663
6602729
8681147
4223222
9539313
2183439
7791747
4490565
4933899
3600629
1478976
2778477
8122453
3764670
7528936
9983806
7318851
7770944
7088344
6788592
8733725
3327807
