75063
34012
21101
48334
78356
16918
28582
61672
08757
68208
46775
55470
28763
18027
38652
28115
13631
23804
74797
23294
30178
16566
08455
15549
18111
94560
73714
64500
85884
44318
10624
09398
74008
44119
53462
10443
18763
62663
52940
46017
97823
63923
25041
75535
59357
80111
22095
53014
70293
37746
00139
90903
09845
51136
04313
24591
92686
17917
55672
95239
09049
46349
04845
30409
04586
79996
25876
52924
66780
04867
30169
64498
61806
22385
29452
02197
11426
51701
33830
56709
57415
24832
57395
94981
29907
89039
90429
45510
81781
24741
78318
13346
92271
30759
01277
66568
23933
25735
67420
71954
50807
84420
65875
16519
71771
30592
32463
75023
48619
66000
93658
54914
35338
83484
69867
58521
62955
01410
46456
14685
10378
73743
24283
79588
90582
30573
83731
11908
56703
75291
25668
71805
51505
66328
98844
07677
97985
46712
70569
63212
54554
73525
94817
32893
85571
55946
17836
81696
47737
64251
51956
24479
57094
21163
77598
44280
38409
13049
05343
80010
00131
29631
57272
16947
90011
92416
74271
69334
94808
56136
43426
33426
10841
88494
26646
20969
00304
84075
13817
50414
69016
76261
14997
53395
44344
10918
96452
59752
51858
30461
48734
80914
12887
45898
46450
49856
42725
38906
86748
84910
52781
59600
26440
92832
96755
41384
31144
93296
31929
32799
17686
08130
54223
69744
14363
71578
14472
87973
34075
12438
70619
35956
74353
23715
23027
76979
73952
71484
81357
74213
85028
27049
67342
53598
90035
75905
77147
08510
50087
20715
04558
02297
62394
83941
85562
22392
07276
08207
96481
25094
73429
31044
21604
33329
74312
27661
98324
00279
42507
51042
30184
09578
87389
76936
85669
54761
41763
53020
21203
73174
92513
10697
51545
12049
80558
61597
09685
18549
65744
22306
29285
41531
93510
65847
36859
91323
90435
60541
43734
18712
75172
20379
75426
40384
22853
70514
39098
03872
24951
07696
14432
28434
06576
91252
13610
00158
48025
06480
78473
55563
78023
99551
56678
48823
38424
23102
77510
61150
25075
06516
10398
86962
72630
75215
15410
49892
03325
49198
13399
39900
69259
72436
60606
13018
73403
93997
50937
13986
82523
76601
69111
23583
30877
71830
89099
54230
90996
76278
14566
32404
80741
28473
40358
30519
57032
33946
05966
21029
89566
77522
91312
06308
22177
60607
70062
01464
74773
85052
50775
29259
23096
62687
02598
27014
22437
96113
19277
85778
47500
94716
01236
06823
57924
16833
11665
53851
01967
63398
55226
28825
94233
34778
22108
90228
54981
12036
04510
13262
57195
48998
88476
94398
37152
66222
66620
00940
88193
70711
16717
98498
09439
95478
60119
09917
82119
93191
31400
46424
85637
19103
50854
68006
09758
02312
91136
82489
29234
78941
06976
64037
74504
37468
36087
48984
07930
57661
56059
67925
97759
87898
69321
79098
07838
27102
41388
12610
32239
63324
40370
29186
94447
41952
96414
06876
75659
01460
74709
33773
49671
37575
91710
95762
37589
39030
51181
83365
99066
75249
86013
58104
71688
46662
60792
41118
65298
12401
14849
25148
57193
97849
90396
45787
04533
65644
23054
70047
20162
24338
34508
72085
26022
36641
43633
71927
20830
20854
46685
37683
14260
30609
05202
30839
29711
95240
58126
84051
98497
68144
61577
52391
06352
80928
94380
89801
79225
82551
37242
83900
78502
34908
58520
32835
07569
76121
30272
44262
00652
90120
48082
80120
80069
58519
49635
35552
44633
81958
11504
49305
96204
84083
57783
67529
33219
02642
63610
16957
82988
98703
15176
73143
52725
80927
99534
92495
28461
45393
21146
61321
35912
29785
82987
23216
38053
90649
82956
46765
48302
82880
89730
35948
32513
33924
51415
16448
69288
88965
21800
11704
26861
60490
67251
24618
54087
10289
82411
21322
42712
81069
45625
13552
01328
49751
11032
54597
97139
01827
98051
89543
65171
28131
11451
80510
16772
16657
94949
07082
95636
34986
37564
89470
30573
38561
00457
46348
67820
94565
87298
67666
03195
60683
18386
36616
81433
80867
16916
36729
28518
37365
07687
80670
22034
17764
33868
17397
60152
09773
61002
79781
37556
47339
68690
14567
42655
97027
72875
85043
69007
23867
17389
42043
70290
56602
92317
79434
20834
14394
86354
85656
33733
59445
07688
89143
94839
84919
66048
80243
29869
11889
40207
75663
13971
28759
99128
51717
99049
92578
35239
44153
37321
33686
93590
79421
03681
20640
02721
77691
30044
69715
01364
66002
18158
95471
00968
39067
30653
45930
69998
10610
28570
91990
31366
70317
13733
51873
28676
37291
94335
04262
07941
68969
46240
26638
48208
89901
66437
28836
43160
45404
30473
62121
64017
73794
91648
79383
36840
16511
95861
33840
16031
83735
65499
64934
67761
72370
83852
59884
25708
50420
73779
10087
74644
89914
38798
26421
52022
21597
21069
29943
39627
82709
20372
24293
84596
86909
19563
32892
56495
93420
75202
80827
57881
98776
37542
62734
61672
74990
58457
20650
85359
66347
33883
84529
12726
50271
07195
81312
00117
46917
27494
83141
25690
87648
23232
04829
85896
29019
20422
82320
22170
89216
23722
68819
86973
42960
65808
07386
67407
78573
00502
17788
02712
36360
38117
24723
50273
15967
92071
34399
73551
44256
84723
58366
69987
72474
75320
48921
55096
66118
79828
62745
93544
66199
93266
57082
50450
34106
13027
64007
19118
95931
40908
12386
86629
90275
56467
36136
68784
23388
41393
38421
74306
46091
55854
98161
71285
08723
93239
06419
25124
69420
20488
02091
83948
50530
92824
10146
93809
93598
92518
17929
02611
64030
99265
24125
60413
09887
61989
63435
64414
07636
51442
46733
39539
76477
89248
08618
80692
81093
80709
52334
84706
43731
55568
50569
65427
68266
47231
65822
59780
24941
13361
43707
73339
13555
70986
64449
42087
66483
43848
31858
72229
63743
84688
52249
84506
78443
35877
91763
51916
02890
84403
14295
67580
27772
24716
47023
39782
75959
60780
49639
77193
85135
37743
68330
27013
52197
68849
53800
29117
35998
50975
62871
34869
57617
32610
21740
37002
73577
96263
44275
48389
44277
85053
87432
65802
17268
55359
51351
30013
08591
75107
85681
01824
56104
33653
60179
87086
16449
36732
18935
86538
39232
42170
84298
21968
77355
36706
18483
82156
10965
85870
01508
96385
66874
55118
90839
21601
67860
47485
54140
10207
22137
01852
62984
30218
91165
33800
61783
04520
39185
26691
79252
88554
58445
19479
13314
22868
14387
75497
70544
