857679379555769252
190948020159460900
979619497257656355
473348661738132683
222828072061909385
845907389050630364
468341510913156747
454354782856668954
588492146215397824
223619155427200711
690228203127618715
242402870638007378
858356961696634594
565413140294676724
942510823026301711
928421416387061557
084260338993677910
644664246602751660
987214216674070066
739385058513552334
604105477456586020
289224502212602264
863880788991173436
063976919850251746
138301284158093548
841420233633747571
682572629889036515
445294993914601468
066505390322073968
122867159894548693
477841313729353804
334030269477225874
553945852388291252
532697014594920390
608324301574356073
117402485260945753
233852857763304309
113957020668979045
237721861663094265
835488631315563299
959961232135993420
395813531010359720
695952626696443243
201791003834043459
413014608747436543
106452357552723389
560285995622213689
167337874671735124
284790440814724625
778200638377018132
980955187881600638
150097095558867500
136303160767834921
422651141937047131
268447079672397948
020898764061105263
000832079596095389
050396788983376859
939165496611136342
984928154247971461
967058615391991133
097421512209941661
573981401971812434
749884883203222813
282785996373264966
550512874139295248
893921176734749001
750630260674812354
318986321335082868
772347272575279393
753664302066683097
897653293827129611
399904010166133418
284064449186839368
099002048520651651
855787406740816848
548757469062489005
272713867601235525
994959826274476454
709688265443332776
425654606728422062
456651302821443351
552762357247472974
166243127780618100
449503398797948686
804334763985445487
892753603673750623
833579973820083338
202077277711831821
625106902857309631
206622827574707489
426428145947476297
773403023248688679
525407273851547989
950306161261543489
291514620429669361
364300503824447447
521771728904081122
326958778234564983
310829709184272274
134001158896816217
548643131042563858
682571562044981612
289313679159365696
574744062520851187
913449209942038037
817747381655440776
485122910762058395
276082587725553198
328215373034379894
652196968289756426
978252111875053491
627121367824113236
289824175944204339
025129327855141450
679539565120175338
060512802133482591
769504823694115044
701386966223161173
700547816413768315
015632660137577974
614799063824238638
024953243607268550
460395220011497436
204843913096845899
500071295878445478
833054247874140669
219018807304042702
223823892550693027
916836496822047701
770596642703798267
303650700117251500
892014474096006307
814409241633950713
909407214290247711
635880551053498451
219294780787700514
650104804542543284
717310300367089333
744817009979842930
279899408177367737
677917721670025123
919702474507489010
368375755636337062
104574880130733775
214882001968775626
042463747894929525
153697216197761536
471104911631316485
121615635685645375
158841070678438717
160879794054317260
548280256422019437
922781524538712982
168365941971988304
661420475892619802
952409445935136556
087574332480152495
836794542058582768
561540663879757946
745307480631119562
204087441361271531
448170369173172190
091834257179510632
996773208824617031
626085237112424837
090342399762458312
160911769776878830
850213759630423143
029379626046857855
090368899347842508
399869858798099791
604546894221672196
257313469351053449
849853711631569984
941271693792188827
175624292808267641
864634892669482633
930878825261643945
967677822751699366
526532938778736856
858742452269677542
089032666952072420
838953324809849910
107153885822778645
865852963896957678
970382759284971383
836871624066229030
043945024381261192
746067378920681736
032282401527582213
235792337826520454
295791193776961428
445620531070103609
902951968086684202
692099112891748818
832088163475184454
745774117868477159
805387236645204411
741749758584196662
832968803725969889
588498342552802817
462712152329938177
825745473461677739
033272128479109073
275085345686867751
666786436618053824
597333545925115199
625932045045588916
519693803234330275
966662134955950808
858041017367223858
840036938683196906
589063405633165247
248390197284978920
489676674606326630
845446144944758931
076934655631825497
472855601609640280
604898526270512009
210293959033068982
955811741241841325
471231777143500150
313745952442409135
472157022862339873
893172030451912689
747822171223472210
998886335728719681
535362612647486674
102139324034550831
450587643262548934
442505555701761696
479142980347029968
900692129139316583
637173656855297456
937000985974582399
490423810727867847
855896003322648675
287884917788931797
524289174047644522
181758207714783894
085599940986464425
618519633514845817
950406727878042049
788896574845656278
013354264315712552
431467949539669691
906863486431678637
771509030846997294
940163661056454679
193746591086582446
431906199094950064
883018129392542838
466264343078562298
586128653581684789
631525000858952331
928611211235186394
400750957823846168
346189537039636322
051578450573963080
452059029576978853
741446811696967605
090903113852356624
183320281623884947
165656959002494813
164645687712946084
499804280769254444
878150498655576243
784083048435504597
061753014363482784
114210027833834522
959048946114235862
608529903164009341
444182532960696400
694335834998732914
425553006612700886
155206083293728642
742891392855395419
815476001410369057
045117438118979071
400366854071838385
997012804507656816
448846571476752678
912566394382847567
501699506449199799
976289698480473907
319012968458374369
892303647139512171
071922598556102074
842536396807868505
721171039015679395
796357204532187310
741635005069093880
844193352870199626
297977728311641570
281685447566043702
700759545628362807
721220858840396293
901625178317468652
843616933585011887
063439984162670776
195320858467873227
400685333711071268
984623398731360930
336962022897423765
451701614477844761
918127997508032986
106630538062420194
665245562337815575
450695054618688427
157718173033830137
208898583277814342
883024259767742156
234428545770414525
062511332230563524
036918867466640673
935001788845670393
816386440581560232
575434333808377505
856744362597648642
939631199552553456
090760482862964444
137086979365126540
020684436820545982
339672046873851937
511919053669884147
878456421223971195
292652147679818281
237464558639208697
740369948641260288
689443130813829473
126986478057651201
133170262235563111
160167198571192308
790246707734898096
217853412543258537
740893714788425023
582104413771607836
833970868959084881
923861279418858493
654241451713136555
980915637073625452
375975636057724696
683464245128666572
825592572595711140
636073936212171482
890278266159427090
212321433003990167
447317204206515046
253331040928163748
170215641746938538
796868744366917188
996321381271994632
374650018517209107
450566136354998474
667656750758345538
531179823626202641
994362069194415101
134208183855071994
541465836304680036
908878968428034159
773621452517749737
683283863803606204
460045385340236366
571766376549399625
528422590540931956
644675522967504566
107307301409997745
226576660224179258
258825347080831707
517642358286739330
272657426937752682
555098689714643038
925508499686171656
263039055110025365
289475067797761486
027531060177177645
509061209729657148
813759537917302039
705970995764567971
314129972266660090
383302119623847353
643726183451154580
792853976130857729
086330948088687319
745197942511766396
018036132552434720
178934105249166931
581473084766518662
923930255894891480
416793825594084180
319552123994322879
005831671980177848
370887299508144882
827208126956622150
977270522289937569
489340953330384678
391407388269256107
833902942029001934
632264416067522077
578118497266465259
655380208050266199
553283436561477796
214659554273801346
243317552602122089
931074353324412812
729071969487057768
460672903107253155
489081857603930712
158514396791803761
284885554644212842
758230061619615155
653719524941655303
246147578120041119
641012238639960009
856858279394535967
858542534033245521
678579438444100490
891511004456884151
293020758205590919
028282248463255724
844934017585682332
347796612914756889
327456026686908572
624906675801964457
149610241000768676
296721889305598256
614043885700661710
631244199851464560
106590194402871146
512633328166930577
016202746697034001
570311028356270962
564313487430594986
311556720691189198
302865909625556657
935788180679806133
533305996297587051
537289678830598508
792767464934436783
304341146367150855
565416414636294237
840204070283747765
979249174579948501
684695741035348584
430133950396281765
036472858917796610
323658722002872328
465059136548421104
330159004950444383
754817199783621719
236154355355238373
597627646715234836
806575268375140718
439880163355290435
713669622909526139
993701465779036385
241841608348983182
267644625522333577
417568528291092538
257826344916933372
158519302848501476
966991996020962673
381955100705633977
797234250133027205
927258938735697349
090390606156851797
571991721569163099
504763595379652446
081860021159716734
095296636948774459
472225467050731704
718955340195483320
613677766628475522
521635005678987672
399450143176350738
290359042969065861
652344041803751403
246224585744563126
665808024646182531
538360746878541533
965902846150827890
876305276296557538
197350709383065594
500754782300043923
549143445007358070
153617842963656853
417502801884197545
224891753590476838
257121565409614184
561845509690684823
986192593417666071
894931815277298112
975442995189982932
567038857951731428
613185792189624199
884613340395007377
092012986620079825
132362429046811936
494408557735534014
531671741474023074
551373108090072153
914897747968583144
555086321596892703
619910606428939742
830296195678630621
551059737817977971
726286534441236792
823229573278495543
479063072945099869
232208783255644027
381060437683670819
708246558772150300
297451894602166683
258154143856697300
897253571751281850
711915675335500402
413937838228953793
506577516726580563
112511137136521078
150176118210032003
559502073091923900
598273710409492516
307257230603893054
148320789681698215
165186679266173471
916157718964356217
062436321444346308
746730451021904015
610186091852195922
956636250294423842
869576963546710228
720258457667442092
288513649325783284
748008046949857700
983620734815382725
575966416548168639
836989737694109894
265161811239252218
138607130984008572
581116973089238236
438088379574628489
329828054291908360
507542464872843764
280330309494929612
147058553168321327
744416441932566290
891651682770538001
620530771317034746
585187233138609459
569134623759027924
369372715985473088
770789103715203507
935673887829202906
538224232057001549
439303060343538273
793593426213551659
804854477610201506
659088110904181713
963116209091721052
010132234463666618
715675360607316694
632877679428153209
981207972880141122
711692387389233974
747801491740462417
803212782761055387
471770649770551395
444421659844607832
655075962304502807
137294118030488643
996686908144206873
551078981709248090
664423544708193938
711173007253780075
415925587544940492
978481158103861229
670255336434743492
789977346144283255
618018776875386306
172984496058108495
615400269530809053
348266944354376427
610992564390922437
357512413815358405
627586487789592948
055999060763237239
004340001397270725
778310903545960629
025395744146152511
147395225455370119
576496924160496971
149195439174417494
033444883989389899
824284558495762850
005644613347869212
305192053079912455
097250579452757059
634472995304484750
309685681975224052
458383892005285659
695466244188862922
491348121978859089
287238533725621511
646994211082962397
413365190402131798
262701248738838055
553559847655527437
824208971070287515
151703159305539067
366045908883838117
236367661576064206
937441711460873223
133009947857529315
423205908145812521
659306285904635468
793374809996210853
985316872149820443
513070758194064042
331039292623773971
428588376210258622
357329076241812067
614762633451782990
004995451805320072
157442994594896481
998353543567070014
562076735239080806
358324564020369202
946312648856177554
614582915996999260
073109563267624894
787402660800978243
653126947238590342
216571373265202742
672356034613850150
585487289445153967
837462514441987724
174053320155293336
473570272092564675
837157166277337202
739831974153907827
393017137602011301
408918198472583209
022457300581669055
110412520921400489
875915387197140776
405718163044724620
682088662889973857
844093948049838330
872341101296775573
471913034490223470
779704988213232479
219792867999809314
291569203428646866
349848781534116605
173484067204427794
123448390539769837
719224079485379050
874612124526064241
195320391024347492
070551222101637193
494874284513836019
368072301381550640
785074267622902912
085082474768228503
829915073782342369
104984690960241736
210101979064103643
570655589330023095
447299155254337332
450448318685215104
092647708983761572
860261846721741210
743900831426596268
003254254522179815
167774380616099310
131623016984914264
308760511010795403
219011028554231476
300893030868372592
852500068885407229
193956430992500815
981366221871423849
628741891182190659
638270751922742078
261106785761378428
273718177789875598
896486550100707493
120609308507743529
947461066575127953
750913649736013755
070749846907593542
444731537884242693
014392577110456924
496109472781218667
329464433745145363
297691820344514080
984760301339362842
780178424014542985
067979379694051013
847164539134109265
312361861516155432
666565290296966520
720709093651969800
125431828208275380
678874016484812037
749591700228922469
264524103090882630
746208150276938009
934651718143891003
071821784734953002
587586338725775439
153110788375334800
399557156377192770
672311055935599905
935133005580676526
912404643491071235
288012713586344343
822183441553721560
685939421117853581
181294650770355256
418260966950847621
882932640065089575
621704801036997033
619680035382437649
219277520343560946
618250253745156259
515565152917916981
915369044417544651
969465559604530663
156085371238411022
961545511820973755
652572298440284713
119042504035345651
724129365406055239
341225356356901779
012012879024169602
713195710094436871
312636910559586534
791343878526614484
063534813553158119
080926050037690934
961911509764741109
250752193277843074
876695938060182556
896433223536417053
240139040870590034
161326117797185623
865202634228733460
394499063216056487
299793239979450425
406705023379385353
873307496278427910
593925593471590180
798138675153872713
133725398298906395
059943445840224156
188294306538480256
730130218637437318
222865530333760871
750308622753149506
098314636508436479
828304174789551214
407612138812638044
865721525264055377
564394269495309390
382544589656088164
376689274700995022
457923916852592255
785029801247635592
673764559589137302
312668871332873154
540806753523214638
632459131331545596
943685006662690761
163127198553746096
905039084412735292
835344060616997570
971864570106721272
289773145558745292
920648438240815090
037631450069671411
996852990807208434
519434968981778807
148988394668398908
353938888805548038
273291626285119451
400699922677584731
230308755093140326
817643857340628789
067515878237121335
056667319355795904
145501420279283570
145432528243513280
075606100212362904
043826976736606580
811437281497110244
239206009401703578
099688515275261066
640479693082726537
437859681036922122
029172256435683979
441087621459057511
094014065032828178
226911564835849616
965034334972562232
254530101559051146
058650498048755863
680410162035702133
333338279543686818
116496642342470980
464308670663951700
673672407595420619
291348479449461769
345783056129694692
072896611591020160
982012987995405002
622352105698561813
419016365792908465
043758304383557292
178782004603305601
154826484045460386
556518251447413256
201052649500633533
665943615112194613
589611338544739672
331090759248340877
290925590959354994
242508542412871098
838321034178331491
164817969904871328
309215166621140958
728408423344518795
654356658707243479
517433032047966791
755191444390855488
488702856216234843
390356329127565786
889680313122564061
567385678436067312
318185757107270164
788277439997100202
090643540059981965
492249044855752802
684733509936800106
480688934399066638
830938995009680504
758557329433538615
319654384617971428
319212084498660736
730905147365115580
001749897148532353
855408462358469720
897414555927259323
419308399566415480
098734829802337488
178755018793885453
060827431909291348
008734082721229280
884742617941511212
988908126081228501
273322394415826347
938386797966594817
316578625697342657
018279204491552688
288208335451520554
917099636620083831
383640599714359022
987549176163874640
266303632526150901
317492354304715632
336227695236032144
272369961531209566
061768441409467851
984709019288221829
183337481040535402
391404760790189609
731896469638559888
261528163391426566
566532433606805094
787615737899148287
063511838818731513
095384708130859316
044174349171629106
669542724509991874
800505262508841909
320892351710791684
905091980197065366
375852737183875448
761637907444973712
652350106408061472
774075907443007343
801715749334761653
602353582784788071
475682607691178722
554686003756559874
916723326047251926
863899894080944850
877051923440020097
054290859051491438
853756300185365855
900786379236788192
983429530501149888
182317946466232991
389748643671392196
185863068919453305
395868063303852524
378885617792411035
514878796502312364
260575170430485146
898626589706066676
257498531025514240
364930747468767415
699490863039680931
932826693650372442
282609506174246139
855091578531947282
710738818658316389
760191347950557122
926951056416038843
603044249642286535
548822652776092746
761110164282730139
372816165752295097
043661012753543782
276022227036676829
058607574827853617
959575819297920904
124159648525420985
479129360811664384
406700548663126401
975461687497765271
041681201344417693
266948000865419192
173820633076844507
047878639614488226
274407173745584386
438337231364498867
957339447231441304
684891945020931168
085526136891807514
849549888058910419
796369643941433836
355166510815767239
411975432331454570
097289665822106359
998834473103562890
793343270214905107
681145132561450403
600402123669970874
691969767954154629
520450255406491632
903841843641714558
827869045467270035
030729175327578190
489537619139604847
850972431983708646
399004691505160796
420606129862770740
682111191677976431
036097949262555608
459721360575615964
794785578144035146
367972305216585029
309210840567212368
738332529804024939
773248110935852430
163413509013280078
240835792434767004
054147505633902686
488714158705359140
430400742092210270
225737133290281065
498575274532885606
176141552504446761
961864658596474014
661406002897259164
866384618880453496
211863731469235168
840375067570167668
983485302320232729
845122744010841576
313236758559662857
830227557730232329
751390161512695007
713879121609676015
154622556957274653
691884650187121372
939767664811991847
217938379288293313
281562411057057067
467925705249584451
199129471072205389
431476445973722390
804170818215708477
789765635102250990
974465834088758242
889980615367440397
896970219674218966
643331773525543200
