469455
182784
585228
502765
914786
113208
019502
330613
803373
763149
819787
437605
811781
280928
675847
911593
785383
172689
080413
310245
817391
822144
091487
211219
721851
351943
537116
949246
330150
272807
497088
347829
018098
442971
275530
103607
456185
584979
867333
317455
758639
337321
918026
632810
607891
080863
361106
595770
676676
153240
179950
263157
858065
641525
910432
723735
543040
124492
300643
744281
316492
646617
464904
023871
427350
229556
155063
833189
805057
312833
609641
226356
730096
318908
735518
441997
134691
263299
940761
110452
048074
604868
066370
783121
216986
693721
536045
556915
274538
344488
312499
625866
114511
961120
800985
319785
581004
242445
926884
419604
551855
051254
678269
759098
071676
743309
887255
321464
988169
892684
042474
930451
796599
658870
197984
389872
530973
192794
124929
383090
177596
614294
146258
329756
446428
403334
612295
658282
823423
639332
598547
015496
132610
086312
531860
162757
975329
523785
787037
128719
341199
306111
041688
885197
324585
467404
187287
903640
653286
800614
676101
233106
461431
159625
779496
711568
249019
760529
264449
986217
180101
458711
606131
464974
767565
671270
490027
875346
761368
246205
258627
059038
796459
515052
101346
779511
943671
983979
825906
221309
269856
588829
482414
341695
046348
044562
529842
352764
410043
861236
874890
994407
015163
377228
757813
671273
016480
383166
210953
133162
865132
034929
123960
193669
329237
630385
949848
799240
007733
063238
399580
832717
093532
241243
197637
487609
392426
416212
588940
334815
446318
852303
535177
276608
716854
993041
110120
377945
254148
662380
219685
982149
062203
857877
381091
500938
301732
746322
688501
797202
851948
500809
947395
266869
517937
595453
568065
467730
393586
737221
213200
387641
782053
291511
748869
118982
553697
428812
443430
842111
744473
120803
135962
075943
959990
667599
267493
958394
889864
303592
679449
875865
709512
598490
103669
120640
860544
786089
647558
139330
736839
245944
527359
867984
037261
015264
605166
377846
970989
125270
548925
308543
712074
242914
433965
275490
837042
925007
569614
640658
018413
185655
789120
137152
414689
328636
444003
482019
330835
822239
627885
593407
444564
105424
773639
984481
272305
439944
791951
386270
608141
387052
578656
161120
715983
053620
832487
794848
145479
247772
692146
792803
379564
556306
362381
886991
613647
399894
915921
096189
978146
332373
378068
090235
619042
966272
361236
353103
773069
193188
702998
180759
948344
773709
051603
232540
625788
059389
569362
133199
203498
643753
318812
300385
175596
808715
573306
247793
473915
664574
810828
981583
701652
348132
417756
991645
367022
510540
505858
961975
691489
090073
780692
743675
938997
322301
703974
556694
977111
934183
308222
446914
666231
685246
390412
388824
990572
227852
366300
115913
007124
867625
389655
911372
690073
837759
042914
998803
135154
396530
761045
029472
391113
353449
117485
511050
914004
903720
359517
075131
358267
389127
860295
463947
969959
553633
076488
240448
095218
452250
621130
119880
648273
986410
119306
009099
208283
319940
000113
416651
586920
589178
304495
419007
320646
186302
696696
434441
743113
220426
667974
331213
646858
999112
516965
293712
864412
882060
355858
347004
219940
205523
941638
753123
721916
753031
378111
015531
932560
965191
769220
208054
088716
893393
264497
334715
009672
355214
660202
032550
430507
966503
432730
016898
882009
427023
484285
689343
526499
024591
655821
332753
820871
008472
305949
005767
248874
668669
855765
209861
946343
850438
138085
450251
821932
041876
216474
822437
349937
680091
275347
562439
300190
044375
725386
719792
434576
352443
582365
604949
774387
798325
357338
848405
414119
831473
308175
306120
920265
422564
729152
020247
797037
505911
496304
241175
660022
367476
511194
864552
003621
279903
030978
553407
267077
264636
177397
880504
366104
522708
741322
157532
997152
842672
244866
746270
496124
131324
747753
067699
167693
541519
601512
405108
333108
434214
824640
030628
209676
773388
183957
289248
994510
305186
019406
794812
689941
261966
155383
175501
583809
434758
574746
798242
026795
355137
097785
248798
328762
630908
631431
276393
991849
281760
683725
788117
464493
513692
273268
250623
583916
374716
349999
258972
589377
051653
373657
069188
488075
469618
375531
840652
536598
473601
695961
100437
138857
485146
321593
597622
985399
955904
324876
676316
247362
945540
541223
138726
286480
561797
716815
756409
259977
622618
534477
326819
735980
076109
431360
934300
109391
730730
763154
840654
277246
644666
003420
941498
075441
404410
011196
529954
449637
417088
479574
054339
853089
017403
614580
842954
450444
410076
591360
418357
118922
015380
636187
296436
103466
738514
984189
122516
098458
031572
819431
799352
096157
705628
428004
741024
768030
991339
911674
930914
947690
081806
541107
933144
154863
783703
051263
635013
044260
471899
158969
567508
361265
952425
481302
594048
378591
064289
433491
727833
716928
376207
457010
554172
159177
502294
772511
399739
605459
907637
241159
173287
131806
006347
637637
034710
724174
671719
916107
054348
468887
537195
709726
697334
621170
537189
514110
463430
804138
842178
657547
208423
984280
614867
004706
029426
666641
791449
929359
369569
187058
526792
203707
759509
771310
383832
999345
141240
299290
726446
641895
663412
691548
185100
025941
160695
393880
746095
001173
678887
969815
662051
306976
509125
467165
864383
414702
243143
919116
148781
371657
024753
676957
684821
877173
264983
889170
675442
936997
719337
293482
678552
406205
841735
717154
992067
704379
861052
247811
068619
036756
594939
394168
270794
580784
502809
531298
990348
012545
580873
063776
066909
294035
385747
666349
038031
795660
941442
266039
892483
226554
143119
256871
513454
857870
520724
214970
072894
603698
339224
803979
663415
285169
465963
536633
276728
912369
967518
326474
677684
071630
673248
822366
933270
403631
200986
650473
505386
889177
811202
369110
019361
669956
052583
186171
430380
991677
094582
883446
611989
937245
346108
168358
761815
406620
117590
337838
457527
507200
401055
955271
896034
799390
206394
235411
255174
709391
808462
772186
961763
133159
974664
754356
379594
723254
337705
710426
876119
562699
235179
834660
809448
377497
004753
674604
480488
275970
365814
434256
377979
020119
342708
605146
240257
994328
420476
479518
725320
959701
359040
559130
828751
397782
629409
402853
127786
061919
427492
103283
845646
015097
847804
567887
520666
852570
488666
010566
813470
996782
658736
368778
837653
352270
826512
547722
209122
090349
041740
333593
044949
325727
014503
058504
746977
256319
088654
569125
762892
948206
505855
307864
653397
182562
237692
103447
259785
703157
760137
361301
979977
933095
191060
718067
207784
449577
102419
938721
893624
022007
246473
366934
229505
750195
226144
295688
469089
338883
212346
130546
683737
680781
115732
598916
843624
237333
675296
310853
702776
372204
906881
977822
700980
657199
558943
314065
285686
124313
700612
404791
840629
392134
780783
000220
930170
248794
046479
